614
614
-6026
-1275
-410
-414
-9181
450
507
-14
523
293
387
407
319
607
318
58
433
488
562
304
-413
29
598
585
608
597
-914
605
522
521
582
608
589
565
606
577
573
594
610
603
597
595
603
591
-3223
583
591
555
-575
-1250
-970
89
163
163
-3093
557
543
-3649
548
595
530
543
399
491
542
588
-549
584
596
594
-10895
-328
-1112
442
574
536
509
601
560
593
556
533
-290
593
565
611
593
518
-4972
-682
-917
569
551
555
555
461
198
568
600
-3803
503
-724
561
550
522
174
487
506
558
557
574
-1576
589
-1528
-1357
560
-1670
-2169
-9338
450
151
-817
-776
546
563
-747
577
565
555
-811
-2176
504
592
565
540
337
170
-603
579
486
264
-610
600
604
585
547
-6853
-1893
90
-623
174
587
539
578
513
529
530
-415
-39
339
239
279
546
-1208
-788
-9438
560
546
562
573
554
-8027
249
-1609
592
535
550
-3717
554
547
510
-367
549
520
607
154
543
515
-784
-2963
-1495
554
558
120
595
336
485
-9809
506
565
577
213
215
-6255
196
507
222
484
-7818
150
538
567
525
-10496
-2213
573
516
482
544
-9191
458
-162
222
603
589
335
560
499
595
230
212
-803
603
25
-23
-5667
527
-821
515
-586
-308
477
527
548
546
343
-7077
198
166
