1814
1814
2132
2097
2066
2070
2133
1946
1927
2038
1919
1997
1977
1961
1989
1821
1990
2020
1959
1940
1868
1994
2059
2027
1832
1859
1820
1827
2084
1823
1872
1869
1860
1818
1857
1867
1848
1861
1865
1854
1816
1851
1853
1833
1849
1855
1959
1837
1849
1843
1875
1926
1910
1925
1901
1871
1891
1845
1845
1805
1846
1847
1844
1841
1839
1841
1840
1848
1847
1836
1850
1854
1771
1878
1914
1850
1846
1832
1841
1845
1844
1853
1848
1845
1880
1851
1845
1817
1849
1838
1772
1906
1933
1831
1839
1851
1851
1869
1860
1846
1852
1795
1847
1890
1857
1826
1840
1868
1845
1850
1848
1839
1846
1878
1853
1880
1815
1828
1802
1791
1776
1858
1895
1917
1916
1848
1841
1869
1831
1853
1841
1843
1784
1840
1828
1839
1844
1861
1858
1883
1855
1836
1860
1814
1852
1850
1853
1843
1909
1889
1854
1885
1852
1827
1847
1846
1841
1841
1842
1889
1939
1899
1875
1839
1846
1902
1922
1800
1848
1846
1858
1841
1844
1815
1865
1881
1854
1843
1850
1895
1846
1841
1844
1857
1839
1840
1847
1866
1841
1843
1814
1821
1901
1848
1848
1860
1849
1858
1861
1803
1828
1849
1853
1889
1905
1797
1858
1861
1876
1844
1778
1862
1852
1845
1845
1788
1843
1845
1840
1828
1828
1777
1844
1896
1854
1851
1853
1841
1844
1845
1849
1878
1878
1867
1849
1905
1887
1923
1841
1881
1847
1834
1866
1835
1837
1844
1848
1857
1781
1870
1920
