-1200
-1200
-8158
-3372
-2476
-2484
-11314
-1496
-1420
-2052
-1396
-1704
-1590
-1554
-1670
-1214
-1672
-1962
-1526
-1452
-1306
-1690
-2472
-1998
-1234
-1274
-1212
-1230
-2998
-1218
-1350
-1348
-1278
-1210
-1268
-1302
-1242
-1284
-1292
-1260
-1206
-1248
-1256
-1238
-1246
-1264
-5182
-1254
-1258
-1288
-2450
-3176
-2880
-1836
-1738
-1708
-4984
-1288
-1302
-5454
-1298
-1252
-1314
-1298
-1440
-1350
-1298
-1260
-2396
-1252
-1254
-1260
-12666
-2206
-3026
-1408
-1272
-1296
-1332
-1244
-1284
-1260
-1292
-1312
-2170
-1258
-1280
-1206
-1256
-1320
-6744
-2588
-2850
-1262
-1288
-1296
-1296
-1408
-1662
-1278
-1252
-5598
-1344
-2614
-1296
-1276
-1318
-1694
-1358
-1344
-1290
-1282
-1272
-3454
-1264
-3408
-3172
-1268
-3472
-3960
-11114
-1408
-1744
-2734
-2692
-1302
-1278
-2616
-1254
-1288
-1286
-2654
-3960
-1336
-1236
-1274
-1304
-1524
-1688
-2486
-1276
-1350
-1596
-2424
-1252
-1246
-1268
-1296
-8762
-3782
-1764
-2508
-1678
-1240
-1308
-1268
-1328
-1312
-1312
-2304
-1978
-1560
-1636
-1560
-1300
-3110
-2710
-11238
-1288
-1300
-1296
-1268
-1290
-9842
-1616
-3490
-1262
-1308
-1300
-5612
-1292
-1294
-1334
-2224
-1290
-1320
-1240
-1712
-1298
-1328
-2598
-4784
-3396
-1294
-1290
-1740
-1254
-1522
-1376
-11612
-1322
-1284
-1276
-1676
-1690
-8052
-1662
-1354
-1654
-1360
-9596
-1712
-1314
-1278
-1320
-12284
-4056
-1272
-1324
-1346
-1284
-10968
-1386
-2058
-1632
-1248
-1264
-1506
-1284
-1346
-1254
-1648
-1666
-2670
-1246
-1880
-1910
-7590
-1314
-2702
-1332
-2420
-2174
-1358
-1310
-1296
-1302
-1514
-8858
-1672
-1754
