-25675
-15043
-13915
-13915
-13680
-13417
-10532
-10532
-8520
-8520
-8520
-8520
-8313
-6471
-6471
-6336
-5994
-5487
-4456
-4456
-3962
-3865
-3865
-3362
-2566
-2399
-2399
-2165
-2165
-2165
-2034
-1525
-1311
-1311
-1311
-1077
-1077
-764
-764
-764
-764
-764
-720
-720
-720
-646
-646
-527
-527
-527
-500
-500
-500
-500
-500
-500
-500
-500
-464
-455
-445
-445
-445
-424
-424
-393
-393
-371
-371
-351
-330
-330
-291
-291
-291
-291
-275
-275
-275
-273
-273
-273
-273
-250
-250
-250
-250
-248
-246
-228
-228
-205
-205
-205
-205
-201
-201
-201
-201
-198
-193
-179
-179
-171
-171
-153
-153
-153
-153
-153
-137
-133
-119
-119
-115
-115
-115
-112
-94
-94
-87
-87
-81
-81
-81
-81
-81
-78
-78
-71
-71
-70
-70
-70
-70
-70
-65
-62
-54
-52
-50
-34
-34
-21
-21
-15
-12
-12
-6
-6
1
13
13
16
16
20
22
35
35
35
42
42
42
42
42
51
51
51
55
55
55
55
65
68
68
68
68
68
68
68
68
68
68
68
68
68
68
74
75
75
75
76
79
82
91
91
92
93
95
95
101
101
101
101
102
108
108
108
111
118
118
118
118
118
121
121
127
127
168
168
177
177
184
191
199
199
202
202
210
210
215
228
228
230
230
230
236
236
241
241
248
248
248
248
248
248
248
248
248
255
255
255
255
260
260
260
260
260
260
263
263
263
263
265
265
265
268
268
268
268
270
270
270
270
275
278
278
278
278
279
279
279
284
290
290
291
291
291
296
296
296
296
296
296
299
299
302
315
317
317
317
317
317
317
320
325
325
325
326
326
326
327
327
327
333
334
334
334
334
335
335
336
336
348
348
348
348
348
348
348
348
348
348
348
348
348
348
348
348
348
348
348
354
354
354
354
354
354
355
355
355
355
355
355
355
355
355
355
355
355
355
355
355
355
355
356
356
357
357
357
357
361
361
363
363
363
363
363
363
366
366
366
367
369
369
374
374
374
374
374
374
374
374
374
374
374
374
375
375
377
377
377
377
380
380
380
380
380
380
380
380
380
380
381
381
384
385
385
385
385
385
388
388
389
389
389
392
392
393
393
397
397
397
397
397
397
397
397
397
397
399
399
407
407
416
418
420
420
422
422
422
422
422
422
422
422
422
422
422
422
422
422
422
422
422
422
422
422
428
428
428
428
429
430
431
431
431
431
431
431
431
431
431
431
431
431
431
432
433
433
433
433
433
433
433
434
434
434
434
434
434
434
434
434
434
434
437
437
439
440
440
440
440
440
440
440
440
440
440
440
440
440
440
440
440
440
440
440
440
440
440
440
440
440
440
440
440
440
440
440
440
440
440
440
441
441
441
441
441
441
441
441
441
441
441
441
441
441
441
441
441
441
441
441
442
442
443
443
443
447
447
447
447
447
447
447
447
447
447
448
448
448
448
448
448
448
448
448
448
448
448
448
448
448
448
448
448
448
448
448
448
451
452
454
454
454
454
454
454
454
454
454
454
454
454
454
454
454
455
455
455
455
455
455
455
455
455
455
455
455
455
456
456
456
456
456
456
456
456
456
456
456
456
456
456
456
456
459
459
459
459
459
459
459
459
459
459
459
459
459
459
459
459
459
459
459
459
459
459
459
459
459
459
459
459
459
459
459
459
459
459
459
459
459
459
459
459
459
459
459
459
459
459
459
459
459
459
459
459
459
459
459
459
459
459
459
459
459
459
459
459
459
459
459
459
459
459
459
459
459
460
460
460
460
460
460
460
460
460
460
460
460
460
460
460
460
460
460
460
460
460
460
460
460
460
462
465
465
465
466
468
468
471
471
471
471
471
471
471
471
471
471
471
471
471
471
471
471
471
471
471
471
471
471
471
471
471
471
471
471
471
471
471
471
471
471
471
471
471
471
471
471
471
471
471
471
471
471
471
471
471
471
471
471
472
472
472
472
472
474
474
474
474
474
474
474
475
478
479
479
479
479
479
479
479
479
479
480
480
480
480
480
480
480
480
483
483
483
483
483
483
483
483
483
483
483
483
483
483
483
483
483
483
484
484
484
484
484
484
485
485
485
485
485
485
485
485
485
485
485
485
486
486
486
486
486
486
486
486
486
486
486
486
486
486
486
487
487
487
487
489
489
489
489
489
489
492
492
492
492
494
494
494
494
494
494
494
494
494
494
494
494
494
494
494
494
494
494
494
494
494
494
494
494
494
494
494
494
494
494
494
494
495
495
495
495
496
496
496
496
497
497
497
497
497
497
497
497
497
497
497
497
497
497
497
497
497
497
497
497
497
497
497
497
497
497
497
497
497
497
497
497
497
497
497
497
497
497
497
497
497
497
497
497
497
497
497
497
497
497
497
497
497
497
497
497
497
497
497
497
497
497
497
498
498
498
498
498
498
498
498
498
499
499
499
499
499
499
499
499
499
499
499
499
499
499
499
499
499
499
499
499
499
499
499
499
499
499
499
499
499
499
499
499
499
499
499
499
499
499
499
499
499
499
499
499
499
499
499
499
499
499
499
499
499
499
499
499
499
499
499
499
499
499
499
499
499
499
499
499
499
499
499
499
499
499
499
499
499
499
499
499
499
499
499
499
499
499
499
499
499
499
499
499
499
499
499
499
499
499
499
499
499
499
499
499
499
499
499
499
499
499
499
499
499
499
499
499
499
499
499
499
499
499
499
499
499
499
499
500
500
500
500
500
500
500
500
500
500
500
500
500
500
500
500
500
500
500
500
500
500
500
500
500
500
500
500
500
500
500
500
500
500
500
500
500
500
500
500
500
500
500
500
500
500
500
500
500
500
500
500
500
500
500
500
500
500
500
500
500
500
500
500
500
500
500
500
500
500
500
500
500
500
500
500
500
500
500
500
500
500
500
500
500
500
500
500
500
500
500
500
500
500
500
500
500
500
500
500
500
500
500
500
500
500
500
500
500
500
500
500
500
500
500
500
500
500
500
500
500
500
500
500
500
500
500
500
500
500
500
500
500
500
500
500
500
500
500
500
500
500
500
500
500
500
502
502
502
502
502
502
502
502
502
502
502
502
502
502
502
502
502
502
502
502
502
502
502
502
502
502
502
502
502
502
502
502
502
502
502
502
503
503
503
503
503
503
503
503
503
503
503
503
503
503
503
503
503
503
503
503
503
503
503
503
503
503
503
503
503
503
503
503
503
503
503
503
503
503
503
503
503
503
503
503
503
503
503
503
503
503
503
503
503
503
503
503
503
503
503
503
503
503
503
503
503
503
503
503
503
503
503
503
503
503
503
503
503
503
503
503
503
504
504
505
505
505
505
505
505
506
506
507
508
508
508
508
508
508
508
508
508
508
508
508
508
508
508
508
508
508
508
508
508
508
508
508
508
508
508
508
508
508
508
508
508
508
508
508
508
508
508
508
508
508
508
508
508
508
508
508
508
508
508
508
508
508
508
508
508
508
508
508
508
508
508
508
508
508
508
508
508
508
508
508
509
509
509
509
509
509
509
509
509
509
509
509
509
509
509
509
509
509
509
509
509
509
509
509
509
509
509
509
509
509
509
509
509
509
509
509
510
510
510
512
512
513
515
515
515
517
517
517
517
517
517
517
517
517
518
518
518
518
518
518
518
518
518
518
519
519
519
519
521
521
521
521
521
521
521
521
521
522
522
522
522
522
522
522
522
522
522
522
522
522
522
522
522
522
522
522
522
522
522
522
522
522
522
523
523
523
523
523
523
523
523
523
523
523
523
523
523
523
523
523
523
523
523
523
523
523
523
523
523
523
523
523
523
523
524
524
524
524
524
524
524
524
524
524
524
524
524
524
524
525
525
525
525
525
525
525
525
525
525
525
525
525
525
525
525
525
525
525
525
525
525
525
525
525
525
525
525
525
525
525
525
525
525
525
525
525
525
525
525
525
525
525
525
525
525
525
525
525
525
525
525
525
525
525
525
525
525
525
525
525
525
525
525
526
526
526
526
526
526
526
526
526
526
526
526
526
526
526
526
526
526
526
526
526
526
526
526
526
526
526
526
526
526
526
526
526
526
526
526
526
526
526
526
526
526
526
526
526
526
526
526
526
526
526
526
526
526
526
526
526
526
526
526
526
526
526
527
527
527
527
527
527
527
527
527
527
527
527
527
527
527
527
527
527
527
527
527
527
528
531
531
531
531
531
531
531
531
531
531
532
532
532
532
532
532
532
532
532
532
532
533
533
533
533
533
533
533
533
533
533
533
533
533
533
533
533
533
533
533
533
533
537
539
539
539
539
539
539
539
539
539
539
539
539
539
539
539
539
539
539
539
539
539
539
539
539
539
539
539
539
539
539
539
539
539
539
539
539
539
539
539
539
539
539
539
539
539
539
539
539
539
539
539
539
539
539
539
539
539
539
539
539
539
539
539
539
539
539
539
539
539
539
539
539
539
539
539
539
539
539
539
539
539
539
539
539
539
539
539
539
539
539
539
539
539
539
539
539
539
539
539
539
539
539
539
539
539
539
539
539
540
540
540
540
540
544
544
544
544
544
544
544
544
544
544
544
544
544
546
546
546
546
546
546
546
546
546
546
546
546
546
546
546
546
546
546
546
546
546
546
546
546
546
546
546
546
546
546
546
546
546
546
546
546
546
546
546
546
546
546
546
546
546
546
546
546
546
546
546
546
546
546
546
546
546
546
546
546
546
546
546
546
546
546
546
546
547
548
548
548
548
548
548
548
548
548
548
548
548
548
548
548
548
548
548
548
548
548
548
548
548
548
548
548
548
548
548
548
548
548
548
548
548
548
548
548
548
548
548
548
548
548
548
548
548
548
548
548
548
548
548
548
548
548
548
548
548
548
548
548
548
548
548
548
548
548
548
548
548
548
548
548
548
548
548
548
548
548
548
548
548
548
548
548
548
548
548
548
548
548
548
548
548
548
548
548
548
548
548
548
548
548
548
548
548
548
548
548
548
548
548
548
548
548
548
548
548
550
550
550
550
550
550
550
550
550
550
550
550
550
550
550
550
550
550
550
550
550
550
550
550
550
551
551
551
551
551
551
551
551
551
551
551
551
551
551
551
551
551
551
551
551
551
551
551
551
551
551
551
551
551
551
551
551
551
551
551
551
551
551
551
551
552
552
552
552
552
552
552
552
552
552
552
552
552
552
552
552
552
552
552
552
552
552
552
552
552
552
552
552
552
552
552
552
552
552
552
552
552
552
552
552
552
552
552
552
552
552
552
552
552
552
552
552
552
552
552
552
552
552
552
552
552
552
552
552
552
552
552
552
552
552
552
552
552
552
552
552
552
552
553
553
553
553
553
553
553
553
553
553
553
553
553
553
553
553
553
553
553
553
553
553
553
553
553
553
553
553
553
553
553
553
553
553
553
553
553
553
553
553
553
553
553
553
553
553
553
553
553
553
553
553
553
553
553
553
553
553
553
553
553
553
553
553
553
553
553
553
553
553
553
553
553
553
553
553
553
553
553
553
553
553
553
553
553
553
553
553
553
553
553
553
553
553
553
553
553
553
553
553
553
553
553
553
553
553
553
553
553
553
553
553
553
553
553
554
554
554
554
554
554
554
554
554
554
554
554
554
554
554
554
554
554
554
554
554
554
554
554
554
554
554
554
554
556
556
556
556
556
556
556
556
556
557
557
557
557
557
557
557
557
557
558
558
559
559
559
559
559
559
559
559
559
559
559
559
559
559
559
559
559
559
559
559
559
559
559
559
559
559
559
559
559
559
559
559
559
559
559
559
559
559
559
559
559
559
559
559
559
559
559
559
559
559
559
560
560
560
560
560
560
560
560
560
560
560
560
560
560
560
560
560
560
560
560
560
560
560
560
560
560
560
560
560
560
560
560
560
560
560
560
560
560
560
560
560
560
560
560
560
560
560
560
560
560
560
560
560
560
560
560
560
560
560
560
560
560
560
560
560
560
560
560
560
560
560
560
560
560
560
560
560
560
560
560
560
560
560
560
560
560
560
560
560
560
560
560
560
560
560
560
560
560
560
560
560
560
560
560
560
560
560
560
560
560
561
561
561
561
561
561
561
561
561
561
561
561
561
561
561
561
561
561
562
562
562
562
562
562
562
562
562
562
562
562
562
562
562
562
562
562
562
562
562
562
562
562
562
562
562
562
562
562
562
562
562
562
562
562
562
562
562
562
562
562
562
562
562
562
562
562
562
562
562
562
562
562
562
562
562
562
562
562
562
562
562
562
562
562
562
562
562
562
562
562
562
562
562
562
562
562
562
562
562
562
562
562
562
562
562
562
562
562
562
562
562
562
562
562
562
562
562
562
562
562
562
562
562
562
562
562
562
562
562
562
562
562
562
562
562
562
562
562
562
562
562
562
562
562
562
562
562
562
562
562
562
562
562
562
562
562
562
562
562
562
562
562
562
562
562
562
562
562
562
562
562
562
562
562
562
562
562
562
562
562
562
562
563
563
563
563
563
563
563
563
563
563
563
563
563
563
563
563
563
563
563
563
564
564
564
564
564
564
564
564
564
564
564
564
564
564
564
564
564
564
564
564
564
564
564
564
564
564
564
564
564
564
564
564
564
564
564
564
564
564
564
564
564
564
564
564
564
564
564
564
564
564
564
564
564
564
564
564
564
564
564
564
564
564
564
564
564
564
564
564
564
564
564
564
564
564
564
564
564
564
564
564
564
564
564
564
564
564
564
564
564
564
564
564
564
564
564
564
564
564
564
564
564
564
564
564
564
564
564
564
564
564
564
564
564
564
564
564
564
564
564
564
564
564
564
564
564
564
564
564
564
564
564
564
564
564
564
564
564
564
564
564
564
564
564
564
564
564
564
564
564
564
564
564
564
564
564
564
564
564
564
564
564
564
564
564
564
564
564
564
564
564
564
564
564
564
564
564
564
564
564
564
564
564
564
564
564
564
564
564
564
564
564
564
564
564
564
564
564
564
564
564
564
564
564
564
564
564
564
564
564
564
564
564
564
564
565
565
565
565
565
565
565
565
565
565
565
565
565
565
565
565
565
565
565
565
565
565
565
565
565
565
565
565
565
565
565
565
565
565
565
565
565
565
565
565
565
565
565
565
565
565
565
565
565
565
565
565
565
565
565
565
565
565
565
565
565
565
565
565
565
565
565
565
565
565
565
565
565
565
565
565
565
565
565
565
565
565
565
565
565
565
565
565
565
565
565
565
565
565
565
565
565
565
565
565
565
565
565
565
565
565
565
565
565
565
565
565
565
565
565
565
565
565
565
565
565
565
565
565
565
565
565
565
565
565
565
565
565
565
565
565
565
565
565
565
565
565
565
565
565
565
565
565
565
565
565
565
565
565
565
565
565
565
565
565
565
565
565
565
565
565
565
565
565
565
565
565
565
565
565
565
565
565
565
565
565
565
565
565
565
565
565
565
565
565
565
565
565
565
565
565
565
565
565
565
565
565
565
565
565
565
565
565
565
565
565
565
565
565
565
565
565
565
565
565
565
565
565
565
565
565
565
565
565
565
565
565
565
565
565
565
565
565
565
565
565
565
565
565
565
565
565
565
565
565
565
565
565
565
565
565
565
565
565
565
565
565
565
565
565
565
565
565
565
565
565
565
565
565
565
565
565
565
565
565
565
565
565
565
565
565
565
565
565
565
565
565
565
565
565
565
565
565
565
565
565
565
565
565
565
565
565
565
565
565
565
565
565
565
565
565
565
565
565
565
565
565
565
565
565
565
565
565
565
565
565
565
565
565
565
565
565
565
565
565
565
565
565
565
565
565
565
565
565
565
565
565
565
565
565
565
565
565
565
565
565
565
565
565
565
565
565
565
565
565
565
565
565
565
565
565
565
565
565
565
565
565
565
565
565
565
565
565
565
565
565
565
565
565
565
565
565
565
565
565
565
565
565
565
565
565
565
565
565
565
565
565
565
565
565
565
565
565
565
565
565
565
565
565
565
565
565
565
565
565
565
565
565
565
565
565
565
565
565
565
565
565
565
565
565
565
565
565
565
565
565
565
565
565
565
565
565
565
565
565
565
565
565
565
565
565
565
565
565
565
565
565
565
565
565
565
565
565
565
565
565
565
565
565
565
565
565
565
565
565
565
565
565
565
565
565
565
565
565
565
565
565
565
565
565
565
565
565
565
565
565
565
565
565
565
565
565
565
565
565
565
565
565
565
565
565
565
565
565
565
565
565
565
565
565
565
565
565
565
565
565
565
565
565
565
565
565
565
565
565
565
565
565
565
565
565
565
565
565
565
565
565
565
565
565
565
565
565
565
565
565
565
565
565
565
565
565
565
565
565
565
565
565
565
565
565
565
565
565
565
565
565
565
565
565
565
565
565
565
565
565
565
565
565
565
565
565
565
565
565
565
565
565
565
565
565
565
565
565
565
565
565
565
565
565
565
565
565
565
565
565
565
565
565
565
565
565
565
565
565
565
565
565
565
565
565
565
565
565
565
565
565
565
565
565
565
565
565
565
565
565
565
565
565
565
565
565
565
565
565
565
565
565
565
565
565
566
566
566
566
566
566
566
566
566
566
566
566
566
566
566
566
566
566
566
566
566
566
566
566
566
566
566
566
566
566
566
566
566
566
566
566
566
566
566
566
566
566
566
566
566
566
566
566
566
566
566
566
566
566
566
566
566
566
566
566
566
566
566
566
566
566
566
566
566
566
566
566
566
566
566
566
566
566
566
566
566
566
566
566
566
566
566
566
566
566
566
566
566
566
566
566
566
566
566
566
566
566
566
566
566
566
566
566
566
566
566
566
566
566
566
566
566
566
566
566
566
566
566
566
566
566
566
566
566
566
566
566
566
566
566
566
566
566
566
566
566
566
566
566
566
566
566
566
566
566
566
566
566
566
566
566
566
566
566
566
566
566
566
566
566
566
566
566
566
566
566
566
566
566
566
566
566
566
566
566
566
566
566
566
566
566
566
566
566
566
566
566
566
566
566
566
566
566
566
566
566
566
566
566
566
566
566
566
566
566
566
566
566
566
566
566
566
566
566
566
566
566
566
566
566
566
566
566
566
566
566
566
566
566
566
566
566
566
566
566
566
566
566
566
566
566
566
566
566
566
566
566
566
566
566
566
566
566
566
566
566
566
566
566
566
566
566
566
566
566
566
566
566
566
566
566
566
566
566
566
566
566
566
566
566
566
566
566
566
566
566
566
566
566
566
566
566
566
566
566
566
566
566
566
566
566
566
566
566
566
566
566
566
566
566
566
566
566
566
566
566
566
566
566
566
566
566
566
566
566
566
566
566
566
566
566
566
566
566
566
566
566
566
566
566
566
566
566
566
566
566
566
566
566
566
566
566
566
566
566
566
566
566
566
566
566
566
566
566
566
566
566
566
566
566
566
566
566
566
566
566
566
566
566
566
566
566
566
566
568
568
568
568
568
568
568
568
568
568
568
568
568
568
568
568
568
568
568
568
568
568
568
568
568
568
568
568
568
568
568
568
568
568
568
568
568
568
568
568
568
568
568
568
568
568
568
568
568
568
568
568
568
568
568
568
568
568
568
568
568
568
568
568
568
568
568
568
568
568
568
568
568
568
568
568
568
568
568
568
568
568
568
568
568
568
568
568
568
568
568
568
568
568
568
568
568
568
568
568
568
568
568
568
568
568
568
568
568
568
568
568
568
568
568
568
568
568
568
568
568
568
568
568
568
568
568
568
568
568
568
568
568
568
568
568
568
568
568
568
568
568
568
568
568
568
568
568
568
568
568
568
568
568
568
568
568
568
568
568
568
568
568
568
568
568
568
568
568
568
568
568
568
568
568
568
568
568
568
568
568
568
568
568
568
568
568
568
568
568
568
568
568
568
568
568
568
568
568
568
568
568
568
568
568
568
568
568
568
568
568
568
568
568
568
568
568
568
568
568
568
568
568
568
568
568
568
568
568
568
568
568
568
568
568
568
568
568
568
568
568
568
568
568
568
568
568
568
568
568
568
568
568
568
568
568
568
568
568
568
568
568
568
568
568
568
568
568
568
568
568
568
568
568
568
568
568
568
568
568
568
568
568
568
568
568
568
568
568
568
568
568
568
568
568
568
568
568
568
568
568
568
568
568
568
568
568
568
568
568
568
568
568
568
568
568
568
568
568
568
568
568
568
568
568
568
568
568
568
568
568
568
568
568
568
568
568
568
568
568
568
568
568
568
568
568
568
568
568
568
568
568
568
568
568
568
568
568
568
568
568
568
568
568
568
568
568
568
568
568
568
568
568
568
568
568
568
568
568
568
568
568
568
568
568
568
568
568
568
568
568
568
568
568
568
568
568
568
568
568
568
568
568
568
568
568
568
568
568
568
568
568
568
568
568
568
568
568
568
568
568
568
568
568
568
568
568
568
568
568
568
568
568
568
568
568
568
568
568
568
568
568
568
568
568
568
568
568
568
568
568
568
568
568
568
568
568
568
568
568
568
568
568
568
568
568
568
568
568
568
568
568
568
568
568
568
568
568
568
568
568
568
568
568
568
568
568
568
568
568
568
568
568
568
568
568
568
568
568
568
568
568
568
568
568
568
568
568
568
568
568
568
568
568
568
568
568
568
568
568
568
568
568
568
568
568
568
568
568
568
568
568
568
568
568
568
568
568
568
568
568
568
568
568
568
568
568
568
568
568
568
568
568
568
568
568
568
568
568
568
568
568
568
568
568
568
568
568
568
568
568
568
568
568
568
568
568
568
568
568
568
568
568
568
568
568
568
568
568
568
568
568
568
568
568
568
568
568
568
568
568
568
568
568
568
568
568
568
568
568
568
568
568
568
568
568
568
568
568
568
568
568
568
568
568
568
568
568
568
568
568
568
568
568
568
568
568
568
568
568
568
568
568
568
568
568
568
568
568
568
568
568
568
568
568
568
568
568
568
568
568
568
568
568
568
568
568
568
568
568
568
568
568
568
568
568
568
568
568
568
568
568
568
568
568
568
568
568
568
568
568
568
568
568
568
568
568
568
568
568
568
568
568
568
568
568
568
568
568
568
568
568
568
568
568
568
568
568
568
568
568
568
568
568
568
568
568
568
568
568
568
568
568
568
568
568
568
568
568
568
568
568
568
568
568
568
568
568
568
568
568
568
568
568
568
568
568
568
568
568
568
568
568
568
568
568
568
568
568
568
568
568
568
568
568
568
568
568
568
568
568
568
568
568
568
568
568
568
568
568
568
568
568
568
568
568
568
568
568
568
568
568
568
568
568
568
568
568
568
568
568
568
568
568
568
568
568
568
568
568
568
568
568
568
568
568
568
568
568
568
568
568
568
568
568
568
568
568
568
568
568
568
568
568
568
568
568
568
568
568
568
568
568
568
568
568
568
568
568
568
568
568
568
568
568
568
568
568
568
568
568
568
568
568
568
568
568
568
568
568
568
568
568
568
568
568
568
568
568
568
568
568
568
568
568
568
568
568
568
568
568
568
568
568
568
568
568
568
568
568
568
568
568
568
568
568
568
568
568
568
568
568
568
568
568
568
568
568
568
568
568
568
568
568
568
568
568
568
568
568
568
568
568
568
568
568
568
568
568
568
568
568
568
568
568
568
568
568
568
568
568
568
568
568
568
568
568
568
568
568
568
568
568
568
568
568
568
568
568
568
568
568
568
568
568
568
568
568
568
568
568
568
568
568
568
568
568
568
568
568
568
568
568
568
568
568
568
568
568
568
568
568
568
568
568
568
568
568
568
568
568
568
568
568
568
568
568
568
568
568
568
568
568
568
568
568
568
568
568
568
568
568
568
568
568
568
568
568
568
568
568
568
568
568
568
568
568
568
568
568
568
568
568
568
568
568
568
568
568
568
568
568
568
568
568
568
568
568
568
568
568
568
568
568
568
568
568
568
568
568
568
568
568
568
568
568
568
568
568
568
568
568
568
568
568
568
568
568
568
568
568
568
568
568
568
568
568
568
568
568
568
568
568
568
568
568
568
568
568
568
568
568
568
568
568
568
568
568
568
568
568
568
568
568
568
568
568
568
568
568
568
568
568
568
568
568
568
568
568
568
568
568
568
568
568
568
568
568
568
568
568
568
568
568
568
568
568
568
568
568
568
568
568
568
568
568
568
568
568
568
568
568
568
568
568
568
568
568
568
568
568
568
568
568
568
568
568
568
568
568
568
568
568
568
568
568
568
568
568
568
568
568
568
568
568
568
568
568
568
568
568
568
568
568
568
568
568
568
568
568
568
568
568
568
568
568
568
568
568
568
568
568
568
568
568
568
568
568
568
568
568
568
568
568
568
568
568
568
568
568
568
568
568
568
568
568
568
568
568
568
568
568
568
568
568
568
568
568
568
568
568
568
568
568
568
568
568
568
568
568
568
568
568
568
568
568
568
568
568
568
568
568
568
568
568
568
568
568
568
568
568
568
568
568
568
568
568
568
568
568
568
568
568
568
568
568
568
568
568
568
568
568
568
568
568
568
568
568
568
568
568
568
568
568
568
568
568
568
568
568
568
568
568
568
568
568
568
568
568
568
568
568
568
568
568
568
568
568
568
568
568
568
568
568
568
568
568
568
568
568
568
568
568
568
568
568
568
568
568
568
568
568
568
568
568
568
568
568
568
568
568
568
568
568
568
568
568
568
568
568
568
568
568
568
568
568
568
568
568
568
568
568
568
568
568
568
568
568
568
568
568
568
568
568
568
568
568
568
568
568
568
568
568
568
568
568
568
568
568
568
568
568
568
568
568
568
568
568
568
568
568
568
568
568
568
568
568
568
568
568
568
568
568
568
568
568
568
568
568
568
568
568
568
568
568
568
568
568
568
568
568
568
568
568
568
568
568
568
568
568
568
568
568
568
568
568
568
568
568
568
568
568
568
568
568
568
568
568
568
568
568
568
568
568
568
568
568
568
568
568
568
568
568
568
568
568
568
568
568
568
568
568
568
568
568
568
568
568
568
568
568
568
568
568
568
568
568
568
568
568
568
568
568
568
568
568
568
568
568
568
568
568
568
568
568
568
568
568
568
568
568
568
568
568
568
568
568
568
568
568
568
568
568
568
568
568
568
568
568
568
568
568
568
568
568
568
568
568
568
568
568
568
568
568
568
568
568
568
568
568
568
568
568
568
568
568
568
568
568
568
568
568
568
568
568
568
568
568
568
568
568
568
568
568
568
568
568
568
568
568
568
568
568
568
568
568
568
568
568
568
568
568
568
568
568
568
568
568
568
568
568
568
568
568
568
568
568
568
568
568
568
568
568
568
568
568
568
568
568
568
568
568
568
568
568
568
568
568
568
568
568
568
568
568
568
568
568
568
568
568
568
568
568
568
568
569
569
569
569
569
569
569
569
569
569
569
569
569
569
569
569
569
569
569
569
569
569
569
569
569
569
569
569
569
569
569
569
569
569
569
569
569
569
569
569
569
569
569
569
569
569
569
569
569
569
569
569
569
569
569
569
569
569
569
569
569
569
569
569
569
569
569
569
569
569
569
569
569
569
569
569
569
569
569
569
569
569
569
569
569
569
569
569
569
569
569
569
569
569
569
569
569
569
569
569
569
569
569
569
569
569
569
569
569
569
569
569
569
569
569
569
569
569
569
569
569
569
569
569
569
569
569
569
569
569
569
569
569
569
569
569
569
569
569
569
569
569
569
569
569
569
569
569
569
569
569
569
569
569
569
569
569
569
569
569
569
569
569
569
569
569
569
569
569
569
569
569
569
569
569
569
569
569
569
569
569
569
569
569
569
569
569
569
569
569
569
569
569
569
569
569
569
569
569
569
569
569
569
569
569
569
569
569
569
569
569
569
569
569
569
569
569
569
569
569
569
569
569
569
569
569
569
569
569
569
569
569
569
569
569
569
569
569
569
569
569
569
569
569
569
569
569
569
569
569
569
569
569
569
569
569
569
569
569
569
569
569
569
569
569
569
569
569
569
569
569
569
569
569
569
569
569
569
569
569
569
569
569
569
569
569
569
569
569
569
569
569
569
569
569
569
569
569
569
569
569
569
569
569
569
569
569
569
569
569
569
569
569
569
569
569
569
569
569
569
569
569
569
569
569
569
569
569
569
569
569
569
569
569
569
569
569
569
569
569
569
569
570
570
570
570
570
570
570
570
570
570
570
570
570
570
570
570
570
571
571
571
571
571
571
571
571
571
571
571
571
571
571
571
572
572
572
572
572
572
572
572
572
572
572
572
572
572
572
572
572
572
572
572
572
572
572
572
572
572
572
572
572
572
573
573
573
573
573
573
573
573
573
573
573
573
573
573
573
573
573
573
573
573
573
574
574
574
574
574
574
574
574
574
574
574
574
574
574
574
574
574
574
574
574
574
574
574
574
574
574
574
574
574
574
574
574
574
574
574
574
574
574
574
574
574
574
574
574
574
574
574
574
574
574
574
574
574
574
574
574
574
574
574
574
574
574
574
575
575
575
575
575
575
575
575
575
575
575
575
575
575
575
575
575
575
575
575
575
575
575
575
575
575
575
575
575
575
575
575
575
575
575
575
575
575
575
575
575
575
575
575
575
575
575
575
575
575
575
575
575
575
575
575
575
575
575
575
575
575
575
575
575
575
575
575
576
576
576
576
576
576
576
576
576
576
576
576
576
576
576
576
576
576
576
576
576
576
576
576
576
576
576
576
576
576
576
576
576
576
576
576
576
576
576
576
576
576
576
576
576
576
576
576
576
577
577
577
577
577
577
577
577
577
577
577
577
577
577
577
577
577
577
577
577
577
577
577
577
577
577
577
577
577
577
577
577
577
577
577
577
577
577
577
577
577
577
577
577
577
577
577
577
577
577
577
577
577
577
577
577
577
577
577
577
577
577
577
577
577
577
577
577
577
577
577
577
577
577
577
577
577
577
577
577
577
577
577
577
578
578
578
578
578
578
578
578
578
578
578
578
578
578
578
578
578
578
578
578
578
578
578
578
578
578
578
578
578
578
578
578
578
578
578
578
578
578
578
578
578
578
578
578
578
578
578
578
578
578
578
578
578
578
578
578
578
578
578
578
578
578
578
578
578
578
578
578
578
578
578
578
578
578
578
578
578
578
578
578
578
578
578
578
578
578
578
578
578
578
578
578
578
578
578
578
578
578
578
578
578
578
578
578
578
578
578
579
579
579
579
579
579
579
579
579
579
579
579
579
579
579
579
579
579
579
579
579
579
579
579
579
581
581
581
581
581
581
581
581
581
581
581
581
581
581
581
581
581
581
581
581
581
581
581
581
581
581
581
581
581
581
581
581
581
581
581
581
581
581
581
581
581
581
581
581
581
581
581
581
581
581
581
581
581
581
581
581
581
581
581
581
581
581
581
581
581
581
581
581
581
581
581
581
581
581
581
581
581
581
581
581
581
581
581
581
581
581
581
581
581
581
581
581
581
581
581
581
581
581
581
581
581
581
581
581
581
581
581
581
581
581
581
581
581
581
581
581
581
581
581
581
581
581
581
581
581
581
581
581
581
581
581
581
581
581
581
581
581
581
581
581
581
581
581
581
581
581
581
581
581
581
581
581
581
581
581
581
581
581
581
581
581
581
581
581
581
582
582
582
582
582
582
582
582
582
582
582
582
582
582
582
582
582
582
582
582
582
582
582
582
582
582
583
583
583
583
583
583
583
583
583
583
583
583
583
583
583
583
583
583
584
584
584
584
584
584
585
585
585
585
585
585
585
585
585
585
585
585
585
585
585
585
585
585
585
585
585
585
585
585
585
585
585
585
585
585
585
585
585
585
585
585
585
585
585
585
585
585
585
585
585
585
585
585
585
585
585
585
585
585
585
585
585
585
585
585
585
585
585
585
585
585
585
585
585
585
585
585
585
585
585
585
585
585
585
585
585
585
585
585
585
585
585
585
585
585
585
585
585
585
585
585
585
585
585
585
585
585
585
585
585
585
585
585
585
585
585
585
585
585
585
585
585
585
585
585
585
585
585
585
585
585
585
585
585
585
585
585
585
585
585
585
585
585
585
585
585
585
585
585
585
585
585
585
585
585
585
585
585
585
585
585
585
585
585
585
585
585
585
585
585
585
585
585
585
585
585
585
585
585
585
585
585
585
585
585
585
585
585
585
585
585
585
585
585
585
585
585
585
586
586
586
586
586
586
586
586
586
586
586
586
586
586
586
586
586
586
586
586
586
586
586
586
586
586
586
586
586
586
586
586
586
586
586
586
586
586
586
586
586
586
586
586
586
586
586
586
586
586
586
586
586
586
586
586
586
586
586
586
586
586
586
586
586
586
586
586
586
586
586
586
586
586
586
586
586
586
586
586
586
586
586
586
586
586
586
586
586
586
586
586
586
586
586
586
586
586
586
586
586
586
586
586
586
586
586
586
586
586
586
586
586
586
586
586
586
586
586
586
586
586
586
586
586
586
586
586
586
586
586
586
586
586
586
586
586
586
586
586
586
586
586
586
586
586
586
586
586
586
586
586
586
586
586
586
586
586
586
586
586
586
586
586
586
586
586
586
586
586
586
586
586
586
586
586
586
586
586
586
586
586
586
586
586
586
586
586
586
586
586
586
586
586
586
586
586
586
586
586
586
586
586
586
586
586
586
586
586
586
586
586
586
586
586
586
586
586
586
586
586
586
586
586
586
586
586
586
586
586
586
586
586
586
586
586
586
586
586
586
586
586
586
586
586
586
586
586
586
586
586
586
586
586
586
586
586
586
586
586
586
586
586
586
586
586
586
586
586
586
586
586
586
586
586
586
586
586
586
586
586
586
586
586
586
586
586
586
586
586
586
586
586
586
586
586
586
586
586
586
586
586
586
586
586
586
586
586
586
586
586
586
586
586
586
586
586
586
586
586
586
586
586
586
586
586
586
586
586
586
586
586
586
586
586
586
586
586
586
586
586
586
586
586
586
586
586
586
586
586
586
586
586
586
586
586
586
586
586
586
586
586
586
586
586
586
586
586
586
586
586
586
586
586
586
586
586
586
586
586
586
586
586
586
586
586
586
586
586
586
586
586
586
586
586
586
586
586
586
586
586
586
586
586
586
586
586
586
586
586
586
586
586
586
586
586
586
586
586
586
586
586
586
586
586
586
586
586
586
586
586
586
586
586
586
586
586
586
586
586
586
586
586
586
586
586
586
586
586
586
586
586
586
586
586
586
586
586
586
586
586
586
586
586
586
586
586
586
586
586
586
586
586
586
586
586
586
586
586
586
586
586
586
586
586
586
586
586
586
586
586
586
586
586
586
586
586
586
586
586
586
586
586
586
586
586
586
586
586
586
586
586
586
586
586
586
586
586
586
586
586
586
586
586
586
586
586
586
586
586
586
586
586
586
586
586
586
586
586
586
586
586
586
586
586
586
586
586
586
586
586
586
586
586
586
586
586
586
586
586
586
586
586
586
586
586
586
586
586
586
586
586
586
586
586
586
586
586
586
586
586
586
586
586
586
586
586
586
586
586
586
586
586
586
586
586
586
586
586
586
586
586
586
586
586
586
586
586
586
586
586
586
586
586
586
586
586
586
586
586
586
586
586
586
586
586
586
586
586
586
586
586
586
586
586
586
586
586
586
586
586
586
586
586
586
586
586
586
586
586
586
586
586
586
586
586
586
586
586
586
586
586
586
586
586
586
586
586
586
586
586
586
586
586
586
586
586
586
586
586
586
586
586
586
586
586
586
586
586
586
586
586
586
586
586
586
586
586
586
586
586
586
586
586
586
586
586
586
586
586
586
586
586
586
586
586
586
586
586
586
586
586
586
586
586
586
586
586
586
586
586
586
586
586
586
586
586
586
586
586
586
586
586
586
586
586
586
586
586
586
586
586
586
586
586
586
586
586
586
586
586
586
586
586
586
586
586
586
586
586
586
586
586
586
586
586
586
586
586
586
586
586
586
586
586
586
586
586
586
586
586
586
586
586
586
586
586
586
586
586
586
586
586
586
586
586
586
586
586
586
586
586
586
586
586
586
586
586
586
586
586
586
586
586
586
586
586
586
586
586
586
586
586
586
586
586
586
586
586
586
586
586
586
586
586
586
586
586
586
586
586
586
586
586
586
586
586
586
586
586
586
586
586
586
586
586
586
586
586
586
586
586
586
586
586
586
586
586
586
586
586
586
586
586
586
586
586
586
586
588
588
588
588
588
588
588
588
588
588
588
588
588
588
588
588
588
588
588
588
588
588
588
588
588
588
588
588
588
588
588
588
588
588
588
588
588
588
588
588
588
588
588
588
588
588
588
588
588
588
588
588
588
588
588
588
588
588
588
588
588
588
588
588
588
588
588
588
588
588
588
588
588
588
588
588
588
588
588
588
588
588
588
588
588
588
588
588
588
588
588
588
588
588
588
588
588
588
588
588
588
588
588
588
588
588
588
588
588
588
588
588
588
588
588
588
588
588
588
588
588
588
588
588
588
588
588
588
588
588
588
588
588
588
588
588
588
588
588
588
588
588
588
588
588
588
588
588
588
588
588
588
588
588
588
588
588
588
588
588
588
588
588
588
588
588
588
588
588
588
588
588
588
588
588
588
588
588
588
588
588
588
588
588
588
588
588
588
588
588
588
588
588
588
588
588
588
588
588
588
588
588
588
588
588
588
588
588
588
588
588
588
588
588
588
588
588
588
588
588
588
588
588
588
588
588
588
588
588
588
588
588
588
588
588
588
588
588
588
588
588
588
588
588
588
588
588
588
588
588
588
588
588
588
588
588
588
588
588
588
588
588
588
588
588
588
588
588
588
588
588
588
588
588
588
588
588
588
588
588
588
588
588
588
588
588
588
588
588
588
588
588
588
588
588
588
588
588
588
588
588
588
588
588
588
588
588
588
588
588
588
588
588
588
588
588
588
588
588
588
588
588
588
588
588
588
588
588
588
588
588
588
588
588
588
588
588
588
588
588
588
588
588
588
588
588
588
588
588
588
588
588
588
588
588
588
588
588
588
588
588
588
588
588
588
588
588
588
588
588
588
588
588
588
588
588
588
588
588
588
588
588
588
588
588
588
588
588
588
588
588
588
588
588
588
588
588
588
588
588
588
588
588
588
588
588
588
588
588
588
588
588
588
588
588
588
588
588
588
588
588
588
588
588
588
588
588
588
588
588
588
588
588
588
588
588
588
588
588
588
588
588
588
588
588
588
588
588
588
588
588
588
588
588
588
588
588
588
588
588
588
588
588
588
588
588
588
588
588
588
588
588
588
588
588
588
588
588
588
588
588
588
588
588
588
588
588
588
588
588
588
588
588
588
588
588
588
588
588
588
588
588
588
588
588
588
588
588
588
588
588
588
588
588
588
588
588
588
588
588
588
588
588
588
588
588
588
588
588
588
588
588
588
588
588
588
588
588
588
588
588
588
588
588
588
588
588
588
588
588
588
588
588
588
588
588
588
588
588
588
588
588
588
588
588
588
588
588
588
588
588
588
588
588
588
588
588
588
588
588
588
588
588
588
588
588
588
588
588
588
588
588
588
588
588
588
588
588
588
588
588
588
588
588
588
588
588
588
588
588
588
588
588
588
588
588
588
588
588
588
588
588
588
588
588
588
588
588
588
588
588
588
588
588
588
588
588
588
588
588
588
588
588
588
588
588
588
588
588
588
588
588
588
588
588
588
588
588
588
588
588
588
588
588
588
588
588
588
588
588
588
588
588
588
588
588
588
588
588
588
588
588
588
588
588
588
588
588
588
588
588
588
588
588
588
588
588
588
588
588
588
588
588
588
588
588
588
588
588
588
588
588
588
588
588
588
588
588
588
588
588
588
588
588
588
588
588
588
588
588
588
588
588
588
588
588
588
588
588
588
588
588
588
588
588
588
588
588
588
588
588
588
588
588
588
588
588
588
588
588
588
588
588
588
588
588
588
588
588
588
588
588
588
588
588
588
588
588
588
588
588
588
588
588
588
588
588
588
588
588
588
588
588
588
588
588
588
588
588
588
588
588
588
588
588
588
588
588
588
588
588
588
588
588
588
588
588
588
588
588
588
588
588
588
588
588
588
588
588
588
588
588
588
588
588
588
588
588
588
588
588
588
588
588
588
588
588
588
588
588
588
588
588
588
588
588
588
588
588
588
588
588
588
588
588
588
588
588
588
588
588
588
588
588
588
588
588
588
588
588
588
588
588
588
588
588
588
588
588
588
588
588
588
588
588
588
588
588
588
588
588
588
588
588
588
588
588
588
588
588
588
588
588
588
588
588
588
588
588
588
588
588
588
588
588
588
588
588
588
588
588
588
588
588
588
588
588
588
588
588
588
588
588
588
588
588
588
588
588
588
588
588
588
588
588
588
588
588
588
588
588
588
588
588
588
588
588
588
588
588
588
588
588
588
588
588
588
588
588
588
588
588
588
588
588
588
588
588
588
588
588
588
588
588
588
588
588
588
588
588
588
588
588
588
588
588
588
588
588
588
588
588
588
588
588
588
588
588
588
588
588
588
588
588
588
588
588
588
588
588
588
588
588
588
588
588
588
588
588
588
588
588
588
588
588
588
588
588
588
588
588
588
588
588
588
588
588
588
588
588
588
588
588
588
588
588
588
588
588
588
588
588
588
588
588
588
588
588
588
588
588
588
588
588
588
588
588
588
588
588
588
588
588
588
588
588
588
588
588
588
588
588
588
588
588
588
588
588
588
588
588
588
588
588
588
588
588
588
588
588
588
588
588
588
588
588
588
588
588
588
588
588
588
588
588
588
588
588
588
588
588
588
588
588
588
588
588
588
588
588
588
588
588
588
588
588
588
588
588
588
588
588
588
588
588
588
588
588
588
588
588
588
588
588
588
588
588
588
588
588
588
588
588
588
588
588
588
588
588
588
588
588
588
588
588
588
588
588
588
588
588
588
588
588
588
588
588
588
588
588
588
588
588
588
588
588
588
588
588
588
588
588
588
588
588
588
588
588
588
588
588
588
588
588
588
588
588
588
588
588
588
588
588
588
588
588
588
588
588
588
588
588
588
588
588
588
588
588
588
588
588
588
588
588
588
588
588
588
588
588
588
588
588
588
588
588
588
588
588
588
588
588
588
588
588
588
588
588
588
588
588
588
588
588
588
588
588
588
588
588
588
588
588
588
588
588
588
588
588
588
588
588
588
588
588
588
588
588
588
588
588
588
588
588
588
588
588
588
588
588
588
588
588
588
588
588
588
588
588
588
588
588
588
588
588
588
588
588
588
588
588
588
588
588
588
588
588
588
588
588
588
588
588
588
588
588
588
588
588
588
588
588
588
588
588
588
588
588
588
588
588
588
588
588
588
588
588
588
588
588
588
588
588
588
588
588
588
588
588
588
588
588
588
588
588
588
588
588
588
588
588
588
588
588
588
588
588
588
588
588
588
588
588
588
588
588
588
588
588
588
588
588
588
588
588
588
588
588
588
588
588
588
588
588
588
588
588
588
588
588
588
588
588
588
588
588
588
588
588
588
588
588
588
588
588
588
588
588
588
588
588
588
588
588
588
588
588
588
588
588
588
588
588
588
588
588
588
588
588
588
588
588
588
588
588
588
588
588
588
588
588
588
588
588
588
588
588
588
588
588
588
588
588
588
588
588
588
588
588
588
588
588
588
588
588
588
588
588
588
588
588
588
588
588
588
588
588
588
588
588
588
588
588
588
588
588
588
588
588
588
588
588
588
588
588
588
588
588
588
588
588
588
588
588
588
588
588
588
588
588
588
588
588
588
588
588
588
588
588
588
588
588
588
588
588
588
588
588
588
588
588
588
588
588
588
588
588
588
588
588
588
588
588
588
588
588
588
588
588
588
588
588
588
588
588
588
588
588
588
588
588
588
588
588
588
588
588
588
588
588
588
588
588
588
588
588
588
588
588
588
588
588
588
588
588
588
588
588
588
588
588
588
588
588
588
588
588
588
588
588
588
588
588
588
588
588
588
588
588
588
588
588
588
588
588
588
588
588
588
588
588
588
588
588
588
588
588
588
588
588
588
588
588
588
588
588
588
588
588
588
588
588
588
588
588
588
588
588
588
588
588
588
588
588
588
588
588
588
588
588
588
588
588
588
588
588
588
588
588
588
588
588
588
588
588
588
588
588
588
588
588
588
588
588
588
588
588
588
588
588
588
588
588
588
588
588
588
588
588
588
588
588
588
588
588
588
588
588
588
588
588
588
588
588
588
588
588
588
588
588
588
588
588
588
588
588
588
588
588
588
588
588
588
588
588
588
588
588
588
588
588
588
588
588
588
588
588
588
588
588
588
588
588
588
588
588
588
588
588
588
588
588
588
588
588
588
588
588
588
588
588
588
588
588
588
588
588
588
588
588
588
588
588
588
588
588
588
588
588
588
588
588
588
588
588
588
588
588
588
588
588
588
588
588
588
588
588
588
588
588
588
588
588
588
588
588
588
588
588
588
588
588
588
588
588
588
588
588
588
588
588
588
588
588
588
588
588
588
588
588
588
588
588
588
588
588
588
588
588
588
588
588
588
588
588
588
588
588
588
588
588
588
588
588
588
588
588
588
588
588
588
588
588
588
588
588
588
588
588
588
588
588
588
588
588
588
588
588
588
588
588
588
588
588
588
588
588
588
588
588
588
588
588
588
588
588
588
588
588
588
588
588
588
588
588
588
588
588
588
588
588
588
588
588
588
588
588
588
588
588
588
588
588
588
588
588
588
588
588
588
588
588
588
588
588
588
588
588
588
588
588
588
588
588
588
588
588
588
588
588
588
588
588
588
588
588
588
588
588
588
588
588
588
588
588
588
588
588
588
588
588
588
588
588
588
588
588
588
588
588
588
588
588
588
588
588
588
588
588
588
588
588
588
588
588
588
