588
-2902
-1338
-1943
-9579
-2004
-387
-299
-275
-929
-863
-506
-303
180
-931
-876
-2021
-986
99
-6
580
-1217
-477
63
463
-875
373
316
-1330
456
-445
-51
511
489
443
64
-507
569
102
573
561
577
582
557
550
321
532
517
549
573
576
401
504
574
366
552
554
468
529
540
520
533
545
587
565
550
562
572
566
566
533
512
518
491
-363
-1037
-573
250
523
538
500
-1885
-379
367
482
-14823
490
-497
-107
517
286
449
474
543
-903
466
456
438
460
405
515
524
390
368
552
390
345
519
533
-8285
499
-622
-4752
-486
512
539
541
450
-3345
462
-7327
83
-788
503
394
364
-2953
478
-4186
-11304
498
333
471
522
518
504
436
509
495
434
484
525
303
-181
-976
327
424
444
470
446
-6894
522
-8630
504
140
-5835
546
-902
322
531
549
506
484
507
547
528
542
538
500
-9101
543
-564
-406
421
504
479
528
437
445
-1130
-3144
523
497
-2535
-2319
523
-1686
456
9
428
334
348
386
424
-3266
508
482
-2576
567
-4334
-1101
32
448
-2188
-2776
435
371
473
-413
-3092
-494
505
512
329
432
-5349
-12988
-2229
411
551
478
-390
-1184
452
352
-1758
-2608
401
383
531
509
565
503
534
527
557
562
470
477
317
242
359
515
431
460
510
543
-530
470
170
-890
