1912
2204
2162
2179
2217
2180
2099
2091
2083
2139
2125
2122
2093
2046
2135
2130
2193
2156
2057
2074
1918
2161
2111
2065
1991
2133
2001
2008
2178
1992
2105
2079
1979
1985
1993
2064
2123
1943
2052
1921
1947
1919
1916
1951
1956
2007
1974
1977
1959
1941
1938
1999
1982
1940
2002
1964
1952
1988
1975
1966
1976
1973
1965
1913
1945
1958
1946
1942
1924
1944
1969
1960
1952
1945
1977
2019
1993
1956
1957
1966
1964
2039
2045
1963
1966
1903
1980
1979
2021
1931
1950
1959
1956
1951
1981
1958
1936
1930
1940
1979
1967
1952
1960
1946
1926
1942
1961
1937
1925
1913
1973
2044
1912
1952
1976
1949
1943
1966
1891
1958
1897
1971
1950
1957
1968
1978
1915
1954
1924
1886
1962
1965
1957
1960
1958
1938
1942
1943
1945
1964
1962
1961
1977
2025
2048
1971
1960
1960
1974
1956
1894
1946
1882
1956
1948
1869
1922
1906
1960
1963
1949
1960
1946
1947
1945
1956
1948
1960
1950
1867
1933
1986
2020
1971
1954
1961
1970
1947
1941
2126
2100
1941
1947
2071
2041
1935
1980
1944
1945
1958
1950
1948
1952
1960
2004
1958
1956
1954
1925
1918
1939
1926
1952
2146
2082
1967
1985
1973
2031
1996
1954
1975
1976
1951
1952
1889
1864
1941
1965
1949
1954
2098
1988
1966
1960
1984
2032
1971
1955
1963
1963
1939
1943
1948
1953
1943
1944
1950
1957
1953
1940
1947
1959
1953
1944
1956
1951
1936
1944
2002
1994
