-1324
-5106
-3500
-4122
-11796
-4184
-2486
-2390
-2358
-3068
-2988
-2628
-2396
-1866
-3066
-3006
-4214
-3142
-1958
-2080
-1338
-3378
-2588
-2002
-1528
-3008
-1628
-1692
-3508
-1536
-2550
-2130
-1468
-1496
-1550
-2000
-2630
-1374
-1950
-1348
-1386
-1342
-1334
-1394
-1406
-1686
-1442
-1460
-1410
-1368
-1362
-1598
-1478
-1366
-1636
-1412
-1398
-1520
-1446
-1426
-1456
-1440
-1420
-1326
-1380
-1408
-1384
-1370
-1358
-1378
-1436
-1448
-1434
-1454
-2340
-3056
-2566
-1706
-1434
-1428
-1464
-3924
-2424
-1596
-1484
-16726
-1490
-2476
-2128
-1414
-1664
-1510
-1482
-1408
-2884
-1492
-1480
-1492
-1480
-1574
-1452
-1428
-1570
-1578
-1374
-1552
-1616
-1418
-1392
-10198
-1474
-2666
-6664
-2438
-1464
-1410
-1402
-1516
-5236
-1496
-9224
-1888
-2738
-1454
-1574
-1614
-4868
-1476
-6110
-13190
-1464
-1632
-1486
-1438
-1440
-1434
-1506
-1434
-1450
-1530
-1478
-1436
-1674
-2206
-3024
-1644
-1536
-1516
-1504
-1510
-8788
-1424
-10512
-1452
-1808
-7704
-1376
-2808
-1638
-1432
-1400
-1454
-1462
-1440
-1398
-1428
-1406
-1422
-1450
-10968
-1390
-2550
-2426
-1550
-1450
-1482
-1442
-1510
-1496
-3256
-5244
-1418
-1450
-4606
-4360
-1412
-3666
-1488
-1936
-1530
-1616
-1600
-1566
-1536
-5270
-1450
-1474
-4530
-1358
-6252
-3040
-1894
-1504
-4334
-4858
-1532
-1614
-1500
-2444
-5088
-2448
-1470
-1464
-1622
-1520
-7238
-14852
-4170
-1554
-1398
-1476
-2488
-3172
-1514
-1608
-3742
-4640
-1570
-1572
-1432
-1454
-1374
-1440
-1414
-1426
-1386
-1382
-1480
-1480
-1636
-1698
-1588
-1444
-1522
-1484
-1446
-1408
-2466
-1474
-1832
-2884
