-50425
-61065
-49730
-42077
-50743
-62332
-39164
-51167
-47921
-48400
-44409
-41855
-57247
-34378
-45914
-39463
-46397
-41860
-38237
-43589
-56478
-66874
-57735
-48097
-37433
-44776
-33735
-50510
-42160
-41511
-44243
-36165
-41456
-47652
-39859
-60796
-49096
-80535
-50294
-40859
-63748
-42804
-42136
-21885
-33423
-88586
-57263
-54502
-46447
-46249
-67799
-22679
-59218
-68347
-43305
-40551
-53944
-57458
-42157
-68542
-45115
-62569
-53665
-59727
-46887
-62790
-48776
-45531
-47531
-38995
-62640
-36730
-42701
-69810
-78686
-43777
-45128
-46003
-60284
-20540
-53358
-47296
-38568
-45751
-63303
-65286
-52769
-49408
-43384
-59455
-54223
-63574
-48401
-52374
-34610
-37136
-42207
-49540
-45088
-61376
-36140
-32082
-46690
-33603
-61634
-50147
-53142
-49834
-52410
-24668
-32499
-47129
-39488
-68896
-25309
-58028
-52427
-35426
-45693
-31026
-61932
-43428
-46629
-49439
-35701
-36061
-74577
-38769
-34382
-64940
-56942
-36800
-46365
-49494
-45630
-34230
-45037
-49427
-43980
-53162
-64109
-62109
-35784
-71053
-52330
-66336
-55705
-48884
-53989
-27248
-37914
-51369
-52092
-58088
-76603
-72498
-67502
-45566
-19445
-62970
-59069
-40678
-39277
-41657
-56349
-64356
-58072
-55958
-40203
-76228
-59382
-28196
-66018
-51999
-43494
-48968
-72655
-50268
-42126
-48998
-42943
-50006
-28430
-62595
-31395
-58252
-42380
-53181
-45786
-35769
-38946
-34236
-64924
-44045
-48687
-39965
-34252
-45565
-57178
-32910
-52426
-38864
-53510
-25399
-33617
-47741
-42891
-45031
-33606
-45138
-41164
-104504
-32725
-47506
-33955
-41031
-70479
-66638
-55429
-63374
-64099
-55365
-51043
-33735
-34330
-46837
-41971
-60404
-40137
-52102
-78728
-54217
-59103
-43529
-33518
-44356
-47990
-69504
-44228
-53158
-36455
-26081
-39158
-58325
-46956
-41151
-51574
-54764
-67968
-53573
-32503
