1585
1437
1712
1263
1193
1408
1296
1103
1245
1518
1639
1553
1233
1412
1378
1143
1405
1298
1641
1579
1802
1386
1311
1351
1501
1322
1317
1568
1422
1385
1337
1467
1308
1430
1283
1572
1374
1393
1256
1657
1404
1412
1304
1157
1241
1396
1387
1370
1453
1465
1313
1493
1666
1523
1711
1241
1266
1256
1337
1138
1341
1373
1383
1413
1325
1410
1562
1443
1353
1365
1410
1500
1225
1354
1336
1701
1288
1729
1312
1376
1350
1646
1580
1333
1367
1426
1547
1354
1110
1395
1435
1174
1343
1622
1748
1330
1529
1396
1476
1310
1454
1314
1188
1367
1480
1365
1494
1058
1554
1280
1517
1389
1250
1268
1301
1544
1507
1608
1625
1336
1652
1588
1443
1229
1565
1283
1449
1555
1272
1192
1460
1532
1143
1258
1124
1636
1377
1265
1380
1562
1399
1289
1444
1385
1272
1532
1339
1204
1395
1154
1276
1163
1420
1318
1201
1328
1302
1334
1263
1298
1151
1332
1313
1419
1371
1402
1524
1326
1481
1272
1376
1342
1310
1517
1260
1660
1237
1454
1378
1564
1557
1310
1216
1367
1373
1404
1316
1371
1536
1049
1374
1524
1424
1495
1613
1439
1122
1359
1326
1452
1364
1236
1398
1505
1239
1183
1295
1611
1402
1324
1474
1486
1377
1438
1639
1331
1355
1448
1307
1704
1155
1155
1499
1595
1468
1779
1465
1724
1543
1442
1422
1709
1323
1513
1428
1216
1296
1264
1464
1356
1479
1585
1498
1421
1310
1219
1272
1398
1372
1307
1361
