-52010
-62502
-51442
-43340
-51936
-63740
-40460
-52270
-49166
-49918
-46048
-43408
-58480
-35790
-47292
-40606
-47802
-43158
-39878
-45168
-58280
-68260
-59046
-49448
-38934
-46098
-35052
-52078
-43582
-42896
-45580
-37632
-42764
-49082
-41142
-62368
-50470
-81928
-51550
-42516
-65152
-44216
-43440
-23042
-34664
-89982
-58650
-55872
-47900
-47714
-69112
-24172
-60884
-69870
-45016
-41792
-55210
-58714
-43494
-69680
-46456
-63942
-55048
-61140
-48212
-64200
-50338
-46974
-48884
-40360
-64050
-38230
-43926
-71164
-80022
-45478
-46416
-47732
-61596
-21916
-54708
-48942
-40148
-47084
-64670
-66712
-54316
-50762
-44494
-60850
-55658
-64748
-49744
-53996
-36358
-38466
-43736
-50936
-46564
-62686
-37594
-33396
-47878
-34970
-63114
-51512
-54636
-50892
-53964
-25948
-34016
-48518
-40738
-70164
-26610
-59572
-53934
-37034
-47318
-32362
-63584
-45016
-48072
-50668
-37266
-37344
-76026
-40324
-35654
-66132
-58402
-38332
-47508
-50752
-46754
-35866
-46414
-50692
-45360
-54724
-65508
-63398
-37228
-72438
-53602
-67868
-57044
-50088
-55384
-28402
-39190
-52532
-53512
-59406
-77804
-73826
-68804
-46900
-20708
-64268
-60220
-42010
-40590
-43076
-57720
-65758
-59596
-57284
-41684
-77500
-60758
-29538
-67328
-53516
-44754
-50628
-73892
-51722
-43504
-50562
-44500
-51316
-29646
-63962
-32768
-59656
-43696
-54552
-47322
-36818
-40320
-35760
-66348
-45540
-50300
-41404
-35374
-46924
-58504
-34362
-53790
-40100
-54908
-26904
-34856
-48924
-44186
-46642
-35008
-46462
-42638
-105990
-34102
-48944
-35594
-42362
-71834
-68086
-56736
-65078
-65254
-56520
-52542
-35330
-35798
-48616
-43436
-62128
-41680
-53544
-80150
-55926
-60426
-45042
-34946
-45572
-49286
-70768
-45692
-54514
-37934
-27666
-40656
-59746
-48266
-42370
-52846
-56162
-69340
-54880
-33864
