-29693
-27648
-23971
-23240
-18976
-18976
-18976
-18455
-18059
-13754
-10719
-10719
-7552
-6781
-6781
-6716
-6716
-4724
-4724
-4724
-4724
-4724
-4724
-4724
-4724
-3758
-3758
-3758
-3282
-2984
-2984
-2984
-2842
-2489
-2489
-2332
-2131
-2131
-2104
-1926
-1674
-1602
-1602
-1405
-1405
-1405
-1377
-1357
-1323
-1323
-1323
-1319
-1259
-1225
-1178
-1175
-1175
-1065
-1065
-1065
-1065
-1065
-939
-936
-936
-923
-899
-884
-882
-837
-837
-837
-798
-777
-777
-777
-777
-771
-771
-763
-723
-715
-715
-646
-620
-620
-620
-611
-579
-579
-569
-538
-498
-453
-437
-437
-406
-340
-340
-321
-321
-297
-297
-279
-279
-268
-268
-235
-231
-231
-231
-228
-190
-190
-190
-190
-190
-178
-178
-178
-175
-175
-175
-163
-163
-163
-157
-117
-117
-117
-117
-117
-112
-107
-92
-92
-83
-80
-80
-26
-26
-26
-26
-26
-21
4
4
12
24
24
24
24
29
29
29
36
40
40
50
50
62
62
62
62
62
62
67
68
68
68
82
82
82
82
82
98
98
98
103
103
119
119
119
124
124
124
124
124
124
144
144
144
144
164
164
164
164
164
164
164
164
194
194
194
194
194
194
206
206
206
206
206
210
210
210
210
210
210
226
226
226
226
226
227
236
236
240
240
240
244
244
244
249
249
250
253
253
260
264
264
264
265
283
283
283
290
290
290
298
305
305
305
305
305
305
305
307
314
314
314
314
314
314
314
320
320
320
320
320
320
320
320
322
322
322
328
328
334
335
335
335
335
342
342
345
345
345
348
349
355
355
355
355
360
360
360
363
363
364
364
369
372
373
373
373
373
373
373
373
381
382
382
382
382
382
382
382
382
383
383
384
385
387
387
391
391
391
391
392
395
395
395
395
400
400
400
400
400
401
401
401
401
401
401
401
401
405
405
405
405
412
412
414
414
414
419
419
419
419
421
421
421
421
421
422
422
423
423
424
424
426
429
429
429
429
429
429
431
432
432
432
433
435
435
435
435
438
438
438
438
438
438
438
439
439
439
439
439
441
441
441
441
441
441
441
441
441
441
442
442
442
456
456
456
465
465
465
465
466
466
469
469
470
470
470
470
470
470
470
470
470
470
470
470
471
471
471
471
471
471
472
472
472
472
472
472
472
472
472
472
472
472
472
472
472
473
473
473
473
473
473
473
473
474
475
478
481
481
482
482
482
482
482
483
483
486
486
486
486
486
488
488
488
488
488
488
488
488
488
488
488
488
488
492
492
492
492
492
492
492
492
492
492
492
492
492
492
492
492
492
492
492
492
492
492
492
492
492
492
492
492
492
492
492
492
493
493
493
493
493
493
493
493
493
493
493
493
493
496
496
496
496
496
496
496
497
497
497
497
497
497
497
497
498
498
498
498
498
498
498
498
498
498
498
498
498
498
498
498
498
499
499
499
499
499
499
499
499
499
499
499
499
499
499
499
499
500
500
500
500
500
500
500
504
504
504
504
505
505
505
505
505
506
506
506
506
506
506
507
507
507
507
507
507
507
507
507
508
509
509
509
509
509
509
509
509
509
515
515
515
515
516
516
516
516
516
516
516
516
516
516
516
516
516
516
516
516
516
516
516
516
516
516
516
516
516
516
516
516
516
516
516
516
517
517
517
517
517
517
517
517
517
517
517
517
517
517
518
518
518
518
518
520
520
520
520
521
521
521
521
524
524
527
527
527
527
527
527
527
527
527
530
530
530
530
530
530
530
530
530
530
530
530
530
530
530
530
530
530
530
530
530
530
530
530
530
530
530
530
530
530
530
530
530
530
530
530
530
530
530
530
530
530
530
530
530
530
530
530
530
530
530
530
530
530
530
530
530
530
530
530
530
530
530
530
530
530
530
530
530
530
530
530
530
530
530
530
530
530
530
530
530
530
530
530
530
530
530
530
530
530
530
530
530
530
530
530
530
530
530
530
530
530
530
530
530
530
530
530
530
530
530
530
530
530
530
530
530
530
530
530
530
530
530
530
530
530
530
530
530
530
530
530
530
530
530
530
530
530
530
530
530
530
530
530
530
530
530
530
530
530
530
530
530
530
530
530
530
530
530
530
530
530
530
530
530
530
530
530
530
530
530
530
530
530
530
530
530
530
530
530
530
530
530
530
530
530
530
530
530
530
530
530
530
530
530
530
530
530
530
530
530
530
530
530
530
530
530
530
530
530
530
530
530
530
530
530
530
530
530
530
530
530
530
530
530
530
530
530
530
530
530
530
530
530
530
530
530
530
530
530
530
530
530
530
530
530
530
530
530
530
530
530
530
530
530
530
530
530
530
530
530
530
530
530
530
530
530
530
530
530
530
530
530
530
530
530
530
530
530
530
530
530
530
530
530
530
530
530
530
530
530
532
532
532
532
532
532
532
532
532
532
532
532
532
532
532
532
532
532
532
532
532
532
532
532
532
532
532
532
532
532
532
532
532
532
532
532
532
532
532
532
532
532
532
532
532
532
532
532
532
532
532
532
532
532
532
532
532
532
532
532
532
532
532
532
532
532
532
532
532
532
532
532
532
532
532
532
532
532
532
532
532
532
532
532
532
532
532
532
532
532
532
532
532
532
532
532
532
532
532
532
532
532
532
532
532
532
532
532
532
532
532
532
532
532
536
536
536
536
536
536
536
536
536
536
536
536
536
536
536
536
536
536
536
536
536
536
536
536
536
536
536
536
536
536
536
536
536
536
536
536
536
536
536
536
536
536
536
536
536
536
536
536
536
536
536
536
536
536
536
536
536
536
536
536
536
536
536
536
536
536
536
536
536
536
536
536
536
536
536
536
536
536
536
536
536
536
536
536
536
536
536
536
536
536
536
536
536
536
536
536
536
536
536
536
536
536
536
536
536
536
536
536
536
536
536
536
536
536
536
536
536
536
536
536
536
536
536
536
536
536
536
536
536
536
536
536
536
536
536
536
536
536
536
536
536
536
536
536
536
536
536
536
536
536
536
536
536
536
536
536
536
536
536
536
536
536
536
536
536
536
536
536
536
536
536
536
536
536
536
536
536
536
536
536
536
536
536
536
536
536
536
536
536
536
536
536
536
536
536
536
536
536
536
536
536
536
536
536
536
536
536
536
536
536
536
536
536
536
536
536
536
536
536
536
536
536
536
536
536
536
536
536
536
536
536
536
536
536
536
536
536
536
536
536
536
536
536
536
536
536
536
536
536
536
536
536
536
536
536
536
536
536
536
536
536
536
536
536
536
536
536
536
536
536
536
536
536
536
536
536
536
536
536
536
536
536
536
536
536
536
536
536
536
536
536
536
536
536
536
536
536
536
536
536
536
536
536
536
536
536
536
536
536
536
536
536
536
536
536
536
536
536
536
536
536
536
536
536
536
536
536
536
536
536
536
536
536
536
536
536
536
536
536
536
536
536
536
536
536
536
536
536
536
536
536
536
536
536
536
536
536
536
536
536
536
536
536
536
536
536
536
536
536
536
536
536
536
536
536
536
536
536
536
536
536
536
536
536
536
536
536
536
536
536
536
536
536
536
536
536
536
536
536
536
536
536
536
536
536
536
536
536
536
536
536
536
536
536
536
536
536
536
536
536
536
536
536
536
536
536
536
536
536
536
536
536
536
536
536
536
536
536
536
536
536
536
536
536
536
536
536
536
536
536
536
536
536
536
536
536
536
536
536
536
536
536
536
536
536
536
536
536
536
536
536
536
536
536
536
536
536
536
536
536
536
536
536
536
536
536
536
536
536
536
536
536
536
536
536
536
536
536
536
536
536
536
536
536
536
536
536
536
536
536
536
536
536
536
536
536
536
536
536
536
538
538
538
538
538
538
538
538
538
538
538
538
538
538
538
538
538
538
538
538
538
538
538
538
538
538
538
538
538
538
538
538
538
538
538
538
538
538
538
538
538
538
538
538
538
538
538
538
538
538
538
538
538
538
538
538
538
538
538
538
538
538
538
538
538
538
538
538
538
538
538
538
538
538
538
538
538
538
538
538
538
538
538
538
538
538
538
538
538
538
538
538
538
538
538
538
538
538
538
538
538
538
538
538
538
538
538
538
538
538
538
538
538
538
538
538
538
538
538
538
538
538
538
538
538
538
538
538
538
538
538
538
538
538
538
538
538
538
538
538
538
538
538
538
538
538
538
538
538
538
538
538
538
538
538
538
538
538
538
538
538
538
538
538
538
538
538
538
538
538
538
538
538
538
538
538
538
538
538
538
538
538
538
538
538
538
538
538
538
538
538
538
538
538
538
538
538
538
538
538
538
538
538
538
538
538
538
538
538
538
538
538
538
538
538
538
538
538
538
538
538
538
538
538
538
538
538
538
538
538
538
538
538
538
538
538
538
538
538
538
538
538
538
538
538
538
538
538
538
538
538
538
538
538
538
538
538
538
538
538
538
538
538
538
538
538
538
538
538
538
538
538
538
538
538
538
538
538
538
538
538
538
538
538
538
538
538
538
538
538
538
538
538
538
538
538
538
538
538
538
538
538
538
538
538
538
538
538
538
538
538
538
538
538
538
538
538
538
538
538
538
538
538
538
538
538
538
538
538
538
538
538
538
538
538
538
538
538
538
538
538
538
538
538
538
538
538
538
538
538
538
538
538
538
538
538
538
538
538
538
538
538
538
538
538
538
538
538
538
538
538
538
538
538
538
538
538
538
538
538
538
538
538
538
538
538
538
538
538
538
538
538
538
538
538
538
538
538
538
538
538
538
538
538
538
538
538
538
538
538
538
538
538
538
538
538
538
538
538
538
538
538
538
538
538
538
538
538
538
538
538
538
538
538
538
538
538
538
538
538
538
538
538
538
538
538
538
538
538
538
538
538
538
538
538
538
538
538
538
538
538
538
538
538
538
538
538
538
538
538
538
538
538
538
538
538
538
538
538
538
538
538
538
538
538
538
538
538
538
538
538
538
538
538
538
538
538
538
538
538
538
538
538
538
538
538
538
538
538
538
538
538
538
538
538
538
538
538
538
538
538
538
538
538
538
538
538
538
538
538
538
538
538
538
538
538
538
538
538
538
538
538
538
538
538
538
538
538
538
538
538
538
538
538
538
538
538
538
538
538
538
538
538
538
538
538
538
538
538
538
538
538
538
538
538
538
538
538
538
538
538
538
538
538
538
538
538
538
538
538
538
538
538
538
538
538
538
538
538
538
538
538
538
538
538
538
538
538
538
538
538
538
538
538
538
538
538
538
538
538
538
538
538
538
538
538
538
538
538
538
538
538
538
538
538
538
538
538
538
538
538
538
538
538
538
538
538
538
538
538
538
538
538
538
538
538
538
538
538
538
538
538
538
538
538
538
538
538
538
538
538
538
538
538
538
538
538
538
538
538
538
538
538
538
538
538
538
538
538
538
538
538
538
538
538
538
538
538
538
538
538
538
538
538
538
538
538
538
538
538
538
538
538
538
538
538
538
538
538
538
538
538
538
538
538
538
538
538
538
538
538
538
538
538
538
538
538
538
538
538
538
538
538
538
538
538
538
538
538
538
538
538
538
538
538
538
538
538
538
538
538
538
538
538
538
538
538
538
538
538
538
538
538
538
538
538
538
538
538
538
538
538
538
538
538
538
538
538
538
538
538
538
538
538
538
538
538
538
538
538
538
538
538
538
538
538
538
538
538
538
538
538
538
538
538
538
538
538
538
538
538
538
538
538
538
538
538
538
538
538
538
538
538
538
538
538
538
538
538
538
538
538
538
538
538
538
538
538
538
538
538
538
538
538
538
538
538
538
538
538
538
538
538
538
538
538
538
538
538
538
538
538
538
538
538
538
538
538
538
538
538
538
538
538
538
538
538
538
538
538
538
538
538
538
538
538
538
538
538
538
538
538
538
538
538
538
538
538
538
538
538
538
538
538
538
538
538
538
538
538
538
538
538
538
538
538
538
538
538
538
538
538
538
538
538
538
538
538
538
538
538
538
538
538
538
538
538
538
538
538
538
538
538
538
538
538
538
538
538
538
538
538
538
538
538
538
538
538
538
538
538
538
538
538
538
538
538
538
538
538
538
538
538
538
538
538
538
538
538
538
538
538
538
538
538
538
538
538
538
538
538
538
538
538
538
538
538
538
538
538
538
538
538
538
538
538
538
538
538
538
538
538
538
538
538
538
538
538
538
538
538
538
538
538
538
538
538
538
538
538
538
538
538
538
538
538
538
538
538
538
538
538
538
538
538
538
538
538
538
538
538
538
538
538
538
538
538
538
538
538
538
538
538
538
538
538
538
538
538
538
538
538
538
538
538
538
538
538
538
538
538
538
538
538
538
538
538
538
538
538
538
538
538
538
538
538
538
538
538
538
538
538
538
538
538
538
538
538
538
538
538
538
538
538
538
538
538
538
538
538
538
538
538
538
538
538
538
538
538
538
538
538
538
538
538
538
538
538
538
538
538
538
538
538
538
538
538
538
538
538
538
538
538
538
538
538
538
538
538
538
538
538
538
538
538
538
538
538
538
538
538
538
538
538
538
538
538
538
538
538
538
538
538
538
538
538
538
538
538
538
538
538
538
538
538
538
538
538
538
538
538
538
538
538
538
538
538
538
538
538
538
538
538
538
538
538
538
538
538
538
538
538
538
538
538
538
538
538
538
538
538
538
538
538
538
538
538
538
538
538
538
538
538
538
538
538
538
538
538
538
538
538
538
538
538
538
538
538
538
538
538
538
538
538
538
538
538
538
538
538
538
538
538
538
538
538
538
538
538
538
538
538
538
538
538
538
538
538
538
538
538
538
538
538
538
538
538
538
538
538
538
538
538
538
538
538
538
538
538
538
538
538
538
538
538
538
538
538
538
538
538
538
538
538
538
538
538
538
538
538
538
538
538
538
538
538
538
538
538
538
538
538
538
538
538
538
538
538
538
538
538
538
538
538
538
538
538
538
538
538
538
538
538
538
538
538
538
538
538
538
538
538
538
538
538
538
538
538
538
538
538
538
538
538
538
538
538
538
538
538
538
538
538
538
538
538
538
538
538
538
538
538
538
538
538
538
538
538
538
538
538
538
538
538
538
538
538
538
538
538
538
538
538
538
538
538
538
538
538
538
538
538
538
538
538
538
538
538
538
538
538
538
538
538
538
538
538
538
538
538
538
538
538
538
538
538
538
538
538
538
538
538
538
538
538
538
538
538
538
538
538
538
538
538
538
538
538
538
538
538
538
538
538
538
538
538
538
538
538
538
538
538
538
538
538
538
538
538
538
538
538
538
538
538
538
538
538
538
538
538
538
538
538
538
538
538
538
538
538
538
538
538
538
538
538
538
538
538
538
538
538
538
538
538
538
538
538
538
538
538
538
538
538
538
538
538
538
538
538
538
538
538
538
538
538
538
538
538
538
538
538
538
538
538
538
538
538
538
538
538
538
538
538
538
538
538
538
538
538
538
538
538
538
538
538
538
538
538
538
538
538
538
538
538
538
538
538
538
538
538
538
538
538
538
538
538
538
538
538
538
538
538
538
538
538
538
538
538
538
538
538
538
538
538
538
538
538
538
538
538
538
538
538
538
538
538
538
538
538
538
538
538
538
538
538
538
538
538
538
538
538
538
538
538
538
538
538
538
538
538
538
538
538
538
538
538
538
538
538
538
538
538
538
538
538
538
538
538
538
538
538
538
538
538
538
538
538
538
538
538
538
538
538
538
538
538
538
538
538
538
538
538
538
538
538
538
538
538
538
538
538
538
538
538
538
538
538
538
538
538
538
538
538
538
538
538
538
538
538
538
538
538
538
538
538
538
538
538
538
538
538
538
538
538
538
538
538
538
538
538
538
538
538
538
538
538
538
538
538
538
538
538
538
538
538
538
538
538
538
538
538
538
538
538
538
538
538
538
538
538
538
538
538
538
538
538
538
538
538
538
538
538
538
538
538
538
538
538
538
538
538
538
538
538
538
538
538
538
538
538
538
538
538
538
538
538
538
538
538
538
538
538
538
538
538
538
538
538
538
538
538
538
538
538
538
538
538
538
538
538
538
538
538
538
538
538
538
538
538
538
538
538
538
538
538
538
538
538
538
538
538
538
538
538
538
538
538
538
538
538
538
538
538
538
538
538
538
538
538
538
538
538
538
538
538
538
538
538
538
538
538
538
538
538
538
538
538
538
538
538
538
538
538
538
538
538
538
538
538
538
538
538
538
538
538
538
538
538
538
538
538
538
538
538
538
538
538
538
538
538
538
538
538
538
538
538
538
538
538
538
538
538
538
538
538
538
538
538
538
538
538
538
538
538
538
538
538
538
538
538
538
538
538
538
538
538
538
538
538
538
538
538
538
538
538
538
538
538
538
538
538
538
538
538
538
538
538
538
538
538
538
538
538
538
538
538
538
538
538
538
538
538
538
538
538
538
538
538
538
538
538
538
538
538
538
538
538
538
538
538
538
538
538
538
538
538
538
538
538
538
538
538
538
538
538
538
538
538
538
538
538
538
538
538
538
538
538
538
538
538
538
538
538
538
538
538
538
538
538
538
538
538
538
538
538
538
538
538
538
538
538
538
538
538
538
538
538
538
538
538
538
538
538
538
538
538
538
538
538
538
538
538
538
538
538
538
538
538
538
538
538
538
538
538
538
538
538
538
538
538
538
538
538
538
538
538
538
538
538
538
538
538
538
538
538
538
538
538
538
538
538
538
538
538
538
538
538
538
538
538
538
538
538
538
538
538
538
538
538
538
538
538
538
538
538
538
538
538
538
538
538
538
538
538
538
538
538
538
538
538
538
538
538
538
538
538
538
538
538
538
538
538
538
538
538
538
538
538
538
538
538
538
538
538
538
538
538
538
538
538
538
538
538
538
538
538
538
538
538
538
538
538
538
538
538
538
538
538
538
538
538
538
538
538
538
538
538
538
538
538
538
538
538
538
538
538
538
538
538
538
538
538
538
538
538
538
538
538
538
538
538
538
538
538
538
538
538
538
538
538
538
538
538
538
538
538
538
538
538
538
538
538
538
538
538
538
538
538
538
538
538
538
538
538
538
538
538
538
538
538
538
538
538
538
538
538
538
538
538
538
538
538
538
538
538
538
538
538
538
538
538
538
538
538
538
538
538
538
538
538
538
538
538
538
538
538
538
538
538
538
538
538
538
538
538
538
538
538
538
538
538
538
538
538
538
538
538
538
538
538
538
538
538
538
538
538
538
538
538
538
538
538
538
538
538
538
538
538
538
538
538
538
538
538
538
538
538
538
538
538
538
538
538
538
538
538
538
538
538
538
538
538
538
538
538
538
538
538
538
538
538
538
538
538
538
538
538
538
538
538
538
538
538
538
538
538
538
538
538
538
538
538
538
538
538
538
538
538
538
538
538
538
538
538
538
538
538
538
538
538
538
538
538
538
538
538
538
538
538
538
538
538
538
538
538
538
538
538
538
538
538
538
538
538
538
538
538
538
538
538
538
538
538
538
538
538
538
538
538
538
538
538
538
538
538
538
538
538
538
538
538
538
538
538
538
538
538
538
538
538
538
538
538
538
538
538
538
538
538
538
538
538
538
538
538
538
538
538
538
538
538
538
538
538
538
538
538
538
538
538
538
538
538
538
538
538
538
538
538
538
538
538
538
538
538
538
538
538
538
538
538
538
538
538
538
538
538
538
538
538
538
538
538
538
538
538
538
538
538
538
538
538
538
538
538
538
538
538
538
538
538
538
538
538
538
538
538
538
538
538
538
538
538
538
538
538
538
538
538
538
538
538
538
538
538
538
538
538
538
538
538
538
538
538
538
538
538
538
538
538
538
538
538
538
538
538
538
538
538
538
538
538
538
538
538
538
538
538
538
538
538
538
538
538
538
538
538
538
538
538
538
538
538
538
538
538
538
538
538
538
538
538
538
538
538
538
538
538
538
538
538
538
538
538
538
538
538
538
538
538
538
538
538
538
538
538
538
538
538
538
538
538
538
538
538
538
538
538
538
538
538
538
538
538
538
538
538
538
538
538
538
538
538
538
538
538
538
538
538
538
538
538
538
538
538
538
538
538
538
538
538
538
538
538
538
538
538
538
538
538
538
538
538
538
538
538
538
538
538
538
538
538
538
538
538
538
538
538
538
538
538
538
538
538
538
538
538
538
538
538
538
538
538
538
538
538
538
538
538
538
538
538
538
538
538
538
538
538
538
538
538
538
538
538
538
538
538
538
538
538
538
538
538
538
538
538
538
538
538
538
538
538
538
538
538
538
538
538
538
538
538
538
538
538
538
538
538
538
538
538
538
538
538
538
538
538
538
538
538
538
538
538
538
538
538
538
538
538
538
538
538
538
538
538
538
538
538
538
538
538
538
538
538
538
538
538
538
538
538
538
539
539
539
539
539
539
539
539
539
539
539
539
539
539
539
539
539
539
539
539
539
539
539
539
539
539
539
539
539
539
539
539
539
539
539
539
539
539
539
539
539
539
539
539
539
539
539
539
539
539
539
539
539
539
539
539
539
539
539
539
539
539
539
539
539
539
539
539
539
539
539
539
539
539
539
539
539
539
539
539
539
539
539
539
539
539
539
539
539
539
539
539
539
539
539
539
539
539
539
539
539
539
539
539
539
539
539
539
539
539
539
539
539
539
539
539
539
539
539
539
539
539
539
539
539
539
539
539
539
539
539
539
539
539
539
539
539
539
539
539
539
539
539
539
539
539
539
539
539
539
539
539
539
539
539
539
539
539
539
539
539
539
539
539
539
539
539
539
539
539
539
539
539
539
539
539
539
539
539
539
539
539
539
539
539
539
539
539
539
539
539
539
539
539
539
539
539
539
539
539
539
539
539
539
539
539
539
539
539
539
539
539
539
539
539
539
539
539
539
539
539
539
539
539
539
539
539
539
539
539
539
539
539
539
539
539
539
539
539
539
539
539
539
539
539
539
539
539
539
539
539
539
539
539
539
539
539
539
539
539
539
539
539
539
539
539
539
539
539
539
539
539
539
539
539
539
539
539
539
539
539
539
539
539
539
539
539
539
539
539
539
539
539
539
539
539
539
539
539
539
539
539
539
539
539
539
539
539
539
539
539
539
539
539
539
539
539
539
539
539
539
539
539
539
539
539
539
539
539
539
539
539
539
539
539
539
539
539
539
539
539
539
539
539
540
540
540
540
540
540
540
540
540
542
542
542
542
542
542
542
542
542
542
542
542
542
543
543
544
544
544
544
544
544
544
544
544
544
544
544
544
544
544
544
544
544
544
544
544
544
544
544
544
544
544
544
544
544
544
544
544
544
544
544
544
544
544
544
544
544
544
544
544
544
544
544
544
544
544
544
544
544
544
544
544
544
544
544
544
544
544
544
544
544
544
544
544
544
544
544
544
544
544
544
544
544
544
544
544
544
544
544
544
544
544
544
544
544
544
544
544
544
544
544
544
544
544
544
544
544
544
544
544
544
544
544
544
544
544
544
544
544
544
544
544
544
544
544
544
544
544
544
544
544
544
544
544
544
544
544
544
544
544
544
544
544
544
544
544
544
544
544
544
544
544
544
544
544
544
544
544
544
544
544
544
544
544
544
544
544
544
544
544
544
544
544
544
544
544
544
544
544
544
544
544
544
544
544
544
544
544
544
544
544
544
544
544
544
544
544
544
544
544
544
544
544
544
544
544
544
544
544
544
544
544
544
544
544
544
544
544
544
544
544
544
544
544
544
544
544
544
544
544
544
544
544
544
544
544
544
544
544
544
544
544
544
544
544
544
544
544
544
544
544
544
544
544
544
544
544
544
544
544
544
544
544
544
544
544
544
544
544
544
544
544
544
544
544
544
544
544
544
544
544
544
544
544
544
544
544
544
544
544
544
544
544
544
544
544
544
544
544
544
544
544
544
544
544
544
544
544
544
544
544
544
544
544
544
544
544
544
544
544
544
544
544
544
544
544
544
544
544
544
544
544
544
544
544
544
544
544
544
544
544
544
544
544
544
544
544
544
544
544
544
544
544
544
544
544
544
544
544
544
544
544
544
544
544
544
544
544
544
544
544
544
544
544
544
544
544
544
544
544
544
544
544
544
544
544
544
544
544
544
544
544
544
544
544
544
544
544
544
544
544
544
544
544
544
544
544
544
544
544
544
544
544
544
544
544
544
544
544
544
544
544
544
544
544
544
544
544
544
544
544
544
544
544
544
544
544
544
544
544
544
544
544
544
544
544
544
544
544
544
544
544
544
544
544
544
544
544
544
544
544
544
544
544
544
544
544
544
544
544
544
544
544
544
544
544
544
544
544
544
544
544
544
544
544
544
544
544
544
544
544
544
544
544
544
544
544
544
544
544
544
544
544
544
544
544
544
544
544
544
544
544
544
544
544
544
544
544
544
544
544
544
544
544
544
544
544
544
544
544
544
544
544
544
544
544
544
544
544
544
544
544
544
544
544
544
544
544
544
544
544
544
544
544
544
544
544
544
544
544
544
544
544
544
544
544
544
544
544
544
544
544
544
544
544
544
544
544
544
544
544
544
544
544
544
544
544
544
544
544
544
544
544
544
544
544
544
544
544
544
544
544
544
544
544
544
544
544
544
544
544
544
544
544
544
544
544
544
544
544
544
544
544
544
544
544
544
544
544
544
544
544
544
544
544
544
544
544
544
544
544
544
544
544
544
544
544
544
544
544
544
544
544
544
544
544
544
544
544
544
544
544
544
544
544
544
544
544
544
544
544
544
544
544
544
544
544
544
544
544
544
544
544
544
544
544
544
544
544
544
544
544
544
544
544
544
544
544
544
544
544
544
544
544
544
544
544
544
544
544
544
544
544
544
544
544
544
544
544
544
544
544
544
544
544
544
544
544
544
544
544
544
544
544
544
544
544
544
544
544
544
544
544
544
544
544
544
544
544
544
544
544
544
544
544
544
544
544
544
544
544
544
544
544
544
544
544
544
544
544
544
544
544
544
544
544
544
544
544
544
544
544
544
544
544
544
544
544
544
544
544
544
544
544
544
544
544
544
544
544
544
544
544
544
544
544
544
544
544
544
544
544
544
544
544
544
544
544
544
544
544
544
544
544
544
544
544
544
544
544
544
544
544
544
544
544
544
544
544
544
544
544
544
544
544
544
544
544
544
544
544
544
544
544
544
544
544
544
544
544
544
544
544
544
544
544
544
544
544
544
544
544
544
544
544
544
544
544
544
544
544
544
544
544
544
544
544
544
544
544
544
544
544
544
544
544
544
544
544
544
544
544
544
544
544
544
544
544
544
544
544
544
544
544
544
544
544
544
544
544
544
544
544
544
544
544
544
544
544
544
544
544
544
544
544
544
544
544
544
544
544
544
544
544
544
544
544
544
544
544
544
544
544
544
544
544
544
544
544
544
544
544
544
544
544
544
544
544
544
544
544
544
544
544
544
544
544
544
544
544
544
544
544
544
544
544
544
544
544
544
544
544
544
544
544
544
544
544
544
544
544
544
544
544
544
544
544
544
544
544
544
544
544
544
544
544
544
544
544
544
544
544
544
544
544
544
544
544
544
544
544
544
544
544
544
544
544
544
544
544
544
544
544
544
544
544
544
544
544
544
544
544
544
544
544
544
544
544
544
544
544
544
544
544
544
544
544
544
544
544
544
544
544
544
544
544
544
544
544
544
544
544
544
544
544
544
544
544
544
544
544
544
544
544
544
544
544
544
544
544
544
544
544
544
544
544
544
544
544
544
544
544
544
544
544
544
544
544
544
544
544
544
544
544
544
544
544
544
544
544
544
544
544
544
544
544
544
544
544
544
544
544
544
544
544
544
544
544
544
544
544
544
544
544
544
544
544
544
544
544
544
544
544
544
544
544
544
544
544
544
544
544
544
544
544
544
544
544
544
544
544
544
544
544
544
544
544
544
544
544
544
544
544
544
544
544
544
544
544
544
544
544
544
544
544
544
544
544
544
544
544
544
544
544
544
544
544
544
544
544
544
544
544
544
544
544
544
544
544
544
544
544
544
544
544
544
544
544
544
544
544
544
544
544
544
544
544
544
544
544
544
544
544
544
544
544
544
544
544
544
544
544
544
544
544
544
544
544
544
544
544
544
544
544
544
544
544
544
544
544
544
544
544
544
544
544
544
544
544
544
544
544
544
544
544
544
544
544
544
544
544
544
544
544
544
544
544
544
544
544
544
544
544
544
544
544
544
544
544
544
544
544
544
544
544
544
544
544
544
544
544
544
544
544
544
544
544
544
544
544
544
544
544
544
544
544
544
544
544
544
544
544
544
544
544
544
544
544
544
544
544
544
544
544
544
544
544
544
544
544
544
544
544
544
544
544
544
544
544
544
544
544
544
544
544
544
544
544
544
544
544
544
544
544
544
544
544
544
544
544
544
544
544
544
544
544
544
544
544
544
544
544
544
544
544
544
544
544
544
544
544
544
544
544
544
544
544
544
544
544
544
544
544
544
544
544
544
544
544
544
544
544
544
544
544
544
544
544
544
544
544
544
544
544
544
544
544
544
544
544
544
544
544
544
544
544
544
544
544
544
544
544
544
544
544
544
544
544
544
544
544
544
544
544
544
544
544
544
544
544
544
544
544
544
544
544
544
544
544
544
544
544
544
544
544
544
544
544
544
544
544
544
544
544
544
544
544
544
544
544
544
544
544
544
544
544
544
544
544
544
544
544
544
544
544
544
544
544
544
544
544
544
544
544
544
544
544
544
544
544
544
544
544
544
544
544
544
544
544
544
544
544
544
544
544
544
544
544
544
544
544
544
544
544
544
544
544
544
544
544
544
544
544
544
544
544
544
544
544
544
544
544
544
544
544
544
544
544
544
544
544
544
544
544
544
544
544
544
544
544
544
544
544
544
544
544
544
544
544
544
544
544
544
544
544
544
544
544
544
544
544
544
544
544
544
544
544
544
544
544
544
544
544
544
544
544
544
544
544
544
544
544
544
544
544
544
544
544
544
544
544
544
544
544
544
544
544
544
544
544
544
544
544
544
544
544
544
544
544
544
544
544
544
544
544
544
544
544
544
544
544
544
544
544
544
544
544
544
544
544
544
544
544
544
544
544
544
544
544
544
544
544
544
544
544
544
544
544
544
544
544
544
544
544
544
544
544
544
544
544
544
544
544
544
544
544
544
544
544
544
544
544
544
544
544
544
544
544
544
544
544
544
544
544
544
544
544
544
544
544
544
544
544
544
544
544
544
544
544
544
544
544
544
544
544
544
544
544
544
544
544
544
544
544
544
544
544
544
544
544
544
544
544
544
544
544
544
544
544
544
544
544
544
544
544
544
544
544
544
544
544
544
544
544
544
544
544
544
544
544
544
544
544
544
544
544
544
544
544
544
544
544
544
544
544
544
544
544
544
544
544
544
544
544
544
544
544
544
544
544
544
544
544
544
544
544
544
544
544
544
544
544
544
544
544
544
544
544
544
544
544
544
544
544
544
544
544
544
544
544
544
544
544
544
544
544
544
544
544
544
544
544
544
544
544
544
544
544
544
544
544
544
544
544
544
544
544
544
544
544
544
544
544
544
544
544
544
544
544
544
544
544
544
544
544
544
544
544
544
544
544
544
544
544
544
544
544
544
544
544
544
544
544
544
544
544
544
544
544
544
544
544
544
544
544
544
544
544
544
544
544
544
544
544
544
544
544
544
544
544
544
544
544
544
544
544
544
544
544
544
544
544
544
544
544
544
544
544
544
544
544
544
544
544
544
544
544
544
544
544
544
544
544
544
544
544
544
544
544
544
544
544
544
544
544
544
544
544
544
544
544
544
544
544
544
544
544
544
544
544
544
544
544
544
544
544
544
544
544
544
544
544
544
544
544
544
544
544
544
544
544
544
544
544
544
544
544
544
544
544
544
544
544
544
544
544
544
544
544
544
544
544
544
544
544
544
544
544
544
544
544
544
544
544
544
544
544
544
544
544
544
544
544
544
544
544
544
544
544
544
544
544
544
544
544
544
544
544
544
544
544
544
544
544
544
544
544
544
544
544
544
544
544
544
544
544
544
544
544
544
544
544
544
544
544
544
544
544
544
544
544
544
544
544
544
544
544
544
544
544
544
544
544
544
544
544
544
544
544
544
544
544
544
544
544
544
544
544
544
544
544
544
544
544
544
544
544
544
544
544
544
544
544
544
544
544
544
544
544
544
544
544
544
544
544
544
544
544
544
544
544
544
544
544
544
544
544
544
544
544
544
544
544
544
544
544
544
544
544
544
544
544
544
544
544
544
544
544
544
544
544
544
544
544
544
544
544
544
544
544
544
544
544
544
544
544
544
544
544
544
544
544
544
544
544
544
544
544
544
544
544
544
544
544
544
544
544
544
544
544
544
544
544
544
544
544
544
544
544
544
544
544
544
544
544
544
544
544
544
544
544
544
544
544
544
544
544
544
544
544
544
544
544
544
544
544
544
544
544
544
544
544
544
544
544
544
544
544
544
544
544
544
544
544
544
544
544
544
544
544
544
544
544
544
544
544
544
544
544
544
544
544
544
544
544
544
544
544
544
544
544
544
544
544
544
544
544
544
544
544
544
544
544
544
544
544
544
544
544
544
544
544
544
544
544
544
544
544
544
544
544
544
544
544
544
544
544
544
544
544
544
544
544
544
544
544
544
544
544
544
544
544
544
544
544
544
544
544
544
544
544
544
544
544
544
544
544
544
544
544
544
544
544
544
544
544
544
544
544
544
544
544
544
544
544
544
544
544
544
544
544
544
544
544
544
544
544
544
544
544
544
544
544
544
546
546
546
546
546
546
546
546
546
546
546
546
546
546
546
546
546
546
546
546
546
546
546
546
546
546
546
546
546
546
546
546
546
546
546
546
546
546
546
546
546
546
546
546
546
546
546
546
546
546
546
546
546
546
546
546
546
546
546
546
546
546
546
546
546
546
546
546
546
546
546
546
546
546
546
546
546
546
546
546
546
546
546
546
546
546
546
546
546
546
546
546
546
546
546
546
546
546
546
546
546
546
546
546
546
546
546
546
546
546
546
546
546
546
546
546
546
546
546
546
546
546
546
546
546
546
546
546
546
546
546
546
546
546
546
546
546
546
546
546
546
546
546
546
546
546
546
546
546
546
546
546
546
546
546
546
546
546
546
546
546
546
546
546
546
546
546
546
546
546
546
546
546
546
546
546
546
546
546
546
546
546
546
546
546
546
546
546
546
546
546
546
546
546
546
546
546
546
546
546
546
546
546
546
546
546
546
546
546
546
546
546
546
546
546
546
546
546
546
546
546
546
546
546
546
546
546
546
546
546
546
546
546
546
546
546
546
546
546
546
546
546
546
546
546
546
546
546
546
546
546
546
546
546
546
546
546
546
546
546
546
546
546
546
546
546
546
546
546
546
546
546
546
546
546
546
546
546
546
546
546
546
546
546
546
546
546
546
546
546
546
546
547
547
547
547
547
547
547
547
547
547
547
547
547
547
547
547
547
547
547
548
548
548
548
548
548
548
548
548
548
548
548
548
548
548
548
548
548
548
548
548
548
548
548
548
548
548
548
548
548
548
548
548
548
548
548
548
548
548
548
548
548
548
548
548
548
548
548
548
548
548
548
548
548
548
548
548
548
548
548
548
548
548
548
548
548
548
548
548
548
548
548
548
548
548
548
548
548
548
548
548
548
548
548
548
548
548
548
548
548
548
548
548
548
548
548
548
548
548
548
548
548
548
548
548
548
548
548
548
548
548
548
548
548
548
548
548
548
548
548
548
548
548
548
548
548
548
548
548
548
548
548
548
548
548
548
548
548
548
548
548
548
548
548
548
548
548
548
548
548
548
548
548
548
548
548
548
548
548
548
548
548
548
548
548
548
548
548
548
548
548
548
548
548
548
548
548
548
548
548
548
548
548
548
548
548
548
548
548
548
548
548
548
548
548
548
548
548
548
548
548
548
548
548
548
548
548
548
548
548
548
548
548
548
548
548
548
548
548
548
548
548
548
548
548
548
548
548
548
548
548
548
548
548
548
548
548
548
548
548
548
548
548
548
548
548
548
548
548
548
548
548
548
548
548
548
548
548
548
548
548
548
548
548
548
548
548
548
548
548
548
548
548
548
548
548
548
548
548
548
548
548
548
548
548
548
548
548
548
548
548
548
548
548
548
548
548
548
548
548
548
548
548
548
548
548
548
548
548
548
548
548
548
548
548
548
548
548
548
548
548
548
548
548
548
548
548
548
548
548
548
548
548
548
548
548
548
548
548
548
548
548
548
548
548
548
548
548
548
548
548
548
548
548
548
548
548
548
548
548
548
548
548
548
548
548
548
548
548
548
548
548
548
548
548
548
548
548
548
548
548
548
548
548
548
548
548
548
548
548
548
548
548
548
548
548
548
548
548
548
548
548
548
548
548
548
548
548
548
548
548
548
548
548
548
548
548
548
548
548
548
548
548
548
548
548
548
548
548
548
548
548
548
548
548
548
548
548
548
548
548
548
548
548
548
548
548
548
548
548
548
548
548
548
548
548
548
548
548
548
548
548
548
548
548
548
548
548
548
548
548
548
548
548
548
548
548
548
548
548
548
548
548
548
548
548
548
548
548
548
548
548
548
548
548
548
548
548
548
548
548
548
548
548
548
548
548
548
548
548
548
548
548
548
548
548
548
548
548
548
548
548
548
548
548
548
548
548
548
548
548
548
548
548
548
548
548
548
548
548
548
548
548
548
548
548
548
548
548
548
548
548
548
548
548
548
548
548
548
548
548
548
548
548
548
548
548
548
548
548
548
548
548
548
548
548
548
548
548
548
548
548
548
548
548
548
548
548
548
548
548
548
548
548
548
548
548
548
548
548
548
548
548
548
548
548
548
548
548
548
548
548
548
548
548
548
548
548
548
548
548
548
548
548
548
548
548
548
548
548
548
548
548
548
548
548
548
548
548
548
548
548
548
548
548
548
548
548
548
548
548
548
548
548
548
548
548
548
548
548
548
548
548
548
548
548
548
548
548
548
548
548
548
548
548
548
548
548
548
548
548
548
548
548
548
548
548
548
548
548
548
548
548
548
548
548
548
548
548
548
548
548
548
548
548
548
548
548
548
548
548
548
548
548
548
548
548
548
548
548
548
548
548
548
548
548
548
548
548
548
548
548
548
548
548
548
548
548
548
548
548
548
548
548
548
548
548
548
548
548
548
548
548
548
548
548
548
548
548
548
548
548
548
548
548
548
548
548
548
548
548
548
548
548
548
548
548
548
548
548
548
548
548
548
548
548
548
548
548
548
548
548
548
548
548
548
548
548
548
548
548
548
548
548
548
548
548
548
548
548
548
548
548
548
548
548
548
548
548
548
548
548
548
548
548
548
548
548
548
548
548
548
548
548
548
548
548
548
548
548
548
548
548
548
548
548
548
548
548
548
548
548
548
548
548
548
548
548
548
548
548
548
548
548
548
548
548
548
548
548
548
548
548
548
548
548
548
548
548
548
548
548
548
548
548
548
548
548
548
548
548
548
548
548
548
548
548
548
548
548
548
548
548
548
548
548
548
548
548
548
548
548
548
548
548
548
548
548
548
548
548
548
548
548
548
548
548
548
548
548
548
548
548
548
548
548
548
548
548
548
548
548
548
548
548
548
548
548
548
548
548
548
548
548
548
548
548
548
548
548
548
548
548
548
548
548
548
548
548
548
548
548
548
548
548
548
548
548
548
548
548
548
548
548
548
548
548
548
548
548
548
548
548
548
548
548
548
548
548
548
548
548
548
548
548
548
548
548
548
548
548
548
548
548
548
548
548
548
548
548
548
548
548
548
548
548
548
548
548
548
548
548
548
548
548
548
548
548
548
548
548
548
548
548
548
548
548
548
548
548
548
548
548
548
548
548
548
548
548
548
548
548
548
548
548
548
548
548
548
548
548
548
548
548
548
548
548
548
548
548
548
548
548
548
548
548
548
548
548
548
548
548
548
548
548
548
548
548
548
548
548
548
548
548
548
548
548
548
548
548
548
548
548
548
548
548
548
548
548
548
548
548
548
548
548
548
548
548
548
548
548
548
548
548
548
548
548
548
548
548
548
548
548
548
548
548
548
548
548
548
548
548
548
548
548
548
548
548
548
548
548
548
548
548
548
548
548
548
548
548
548
548
548
548
548
548
548
548
548
548
548
548
548
548
548
548
548
548
548
548
548
548
548
548
548
548
548
548
548
548
548
548
548
548
548
548
548
548
548
548
548
548
548
548
548
548
548
548
548
548
548
548
548
548
548
548
548
548
548
548
548
548
548
548
548
548
548
548
548
548
548
548
548
548
548
548
548
548
548
548
548
548
548
548
548
548
548
548
548
548
548
548
548
548
548
548
548
548
548
548
548
548
548
548
548
548
548
548
548
548
548
548
548
548
548
548
548
548
548
548
548
548
548
548
548
548
548
548
548
548
548
548
548
548
548
548
548
548
548
548
548
548
548
548
548
548
548
548
548
548
548
548
548
548
548
548
548
548
548
548
548
548
548
548
548
548
548
548
548
548
548
548
548
548
548
548
548
548
548
548
548
548
548
548
548
548
548
548
548
548
548
548
548
548
548
548
548
548
548
548
548
548
548
548
548
548
548
548
548
548
548
548
548
548
548
548
548
548
548
548
548
548
548
548
548
548
548
548
548
548
548
548
548
548
548
548
548
548
548
548
548
548
548
548
548
548
548
548
548
548
548
548
548
548
548
548
548
548
548
548
548
548
548
548
548
548
548
548
548
548
548
548
548
548
548
548
548
548
548
548
548
548
548
548
548
548
548
548
548
548
548
548
548
548
548
548
548
548
548
548
548
548
548
548
548
548
548
548
548
548
548
548
548
548
548
548
548
548
548
548
548
548
548
548
548
548
548
548
548
548
548
548
548
548
548
548
548
548
548
548
548
548
548
548
548
548
548
548
548
548
548
548
548
548
548
548
548
548
548
548
548
548
548
548
548
548
548
548
548
548
548
548
548
548
548
548
548
548
548
548
548
548
548
548
548
548
548
548
548
548
548
548
548
548
548
548
548
548
548
548
548
548
548
548
548
548
548
548
548
548
548
548
548
548
548
548
548
548
548
548
548
548
548
548
548
548
548
548
548
548
548
548
548
548
548
548
548
548
548
548
548
548
548
548
548
548
548
548
548
548
548
548
548
548
548
548
548
548
548
548
548
548
548
548
548
548
548
548
548
548
548
548
548
548
548
548
548
548
548
548
548
548
548
548
548
548
548
548
548
548
548
548
548
548
548
548
548
548
548
548
548
548
548
548
548
548
548
548
548
548
548
548
548
548
548
548
548
548
548
548
548
548
548
548
548
548
548
548
548
548
548
548
548
548
548
548
548
548
548
548
548
548
548
548
548
548
548
548
548
548
548
548
548
548
548
548
548
548
548
548
548
548
548
548
548
548
548
548
548
548
548
548
548
548
548
548
548
548
548
548
548
548
548
548
548
548
548
548
548
548
548
548
548
548
548
548
548
548
548
548
548
548
548
548
548
548
548
548
548
548
548
548
548
548
548
548
548
548
548
548
548
548
548
548
548
548
548
548
548
548
548
548
548
548
548
548
548
548
548
548
548
548
548
548
548
548
548
548
548
548
548
548
548
548
548
548
548
548
548
548
548
548
548
548
548
548
548
548
548
548
548
548
548
548
548
548
548
548
548
548
548
548
548
548
548
548
548
548
548
548
548
548
548
548
548
548
548
548
548
548
548
548
548
548
548
548
548
548
548
548
548
548
548
548
548
548
548
548
548
548
548
548
548
548
548
548
548
548
548
548
548
548
548
548
548
548
548
548
548
548
548
548
548
548
548
548
548
548
548
548
548
548
548
548
548
548
548
548
548
548
548
548
548
548
548
548
548
548
548
548
548
548
548
548
548
548
548
548
548
548
548
548
548
548
548
548
548
548
548
548
548
548
548
548
548
548
548
548
548
548
548
548
548
548
548
548
548
548
548
548
548
548
548
548
548
548
548
548
548
548
548
548
548
548
548
548
548
548
548
548
548
548
548
548
548
548
548
548
548
548
548
548
548
548
548
548
548
548
548
548
548
548
548
548
548
548
548
548
548
548
548
548
548
548
548
548
548
548
548
548
548
548
548
548
548
548
548
548
548
548
548
548
548
548
548
548
548
548
548
548
548
548
548
548
548
548
548
548
548
548
548
548
548
548
548
548
548
548
548
548
548
548
548
548
548
548
548
548
548
548
548
548
548
548
548
548
548
548
548
548
548
548
548
548
548
548
548
548
548
548
548
548
548
548
548
548
548
548
548
548
548
548
548
548
548
548
548
548
548
548
548
548
548
548
548
548
548
548
548
548
548
548
548
548
548
548
548
548
548
548
548
548
548
548
548
548
548
548
548
548
548
548
548
548
548
548
548
548
548
548
548
548
548
548
548
548
548
548
548
548
548
548
548
548
548
548
548
548
548
548
548
548
548
548
548
548
548
548
548
548
548
548
548
548
548
548
548
548
548
548
548
548
548
548
548
548
548
548
548
548
548
548
548
548
548
548
548
548
548
548
548
548
548
548
548
548
548
548
548
548
548
548
548
548
548
548
548
548
548
548
548
548
548
548
548
548
548
548
550
550
550
550
550
550
550
550
550
550
551
551
551
551
551
551
551
551
551
551
551
551
551
551
551
551
552
552
552
552
552
552
552
552
552
552
552
552
552
552
552
552
552
552
552
552
552
552
555
555
555
555
558
558
558
558
558
558
560
560
560
560
560
560
560
560
560
560
560
560
560
560
560
560
560
560
560
560
560
560
560
560
560
560
560
560
560
560
560
560
560
560
560
560
560
560
560
560
560
560
560
560
560
560
560
560
560
560
