560
123
558
558
558
558
558
558
558
-15872
-9439
558
558
-12763
-10870
558
558
558
558
-3268
557
-18629
558
558
-13810
558
-10474
-7448
-12929
558
558
557
-9968
558
558
-9457
558
558
558
351
-17699
558
558
558
558
558
558
558
-12309
558
-982
558
558
558
-13970
558
558
-11333
387
-12368
558
-14063
558
558
558
-11038
558
305
-9439
558
-9439
558
-16582
-9520
558
558
-342
558
558
557
-9439
558
-14489
-10345
-18758
-981
-9629
558
558
-11587
558
558
558
558
558
558
558
560
-9765
558
558
558
351
558
558
558
558
558
560
558
351
558
558
558
558
558
558
558
387
558
558
558
-11857
558
558
-13012
558
-16702
-10765
-2161
-9907
492
558
558
558
-17826
558
-12541
558
558
208
-12217
558
558
558
405
558
558
558
558
558
558
558
-10431
558
558
-18648
558
557
-524
-8487
558
558
558
557
-9439
-5220
-9767
558
557
-982
-20468
558
558
558
180
558
558
558
548
-1785
558
558
558
558
-10346
558
558
558
-18895
558
-9749
558
558
558
282
558
558
558
560
558
558
558
560
558
558
560
558
558
557
-9439
558
558
-11587
-15007
558
558
558
437
-9439
557
-16582
-222
558
558
558
558
387
558
558
558
558
-474
557
390
-569
-9451
558
558
557
558
558
558
-9562
558
558
558
558
558
558
-714
