1750
1765
1750
1750
1750
1750
1750
1750
1750
1682
1749
1750
1750
1709
1722
1750
1750
1750
1750
1794
1751
1679
1750
1750
1702
1750
1726
1756
1707
1750
1750
1751
1734
1750
1750
1747
1750
1750
1750
1759
1687
1750
1750
1750
1750
1750
1750
1750
1771
1750
1778
1750
1750
1750
1742
1750
1750
1719
1759
1712
1750
1739
1750
1750
1750
1722
1750
1763
1749
1750
1749
1750
1690
1744
1750
1750
1770
1750
1750
1751
1749
1750
1699
1729
1682
1777
1739
1750
1750
1717
1750
1750
1750
1750
1750
1750
1750
1750
1737
1750
1750
1750
1759
1750
1750
1750
1750
1750
1750
1750
1759
1750
1750
1750
1750
1750
1750
1750
1759
1750
1750
1750
1715
1750
1750
1708
1750
1690
1723
1771
1735
1756
1750
1750
1750
1686
1750
1701
1750
1750
1764
1713
1750
1750
1750
1759
1750
1750
1750
1750
1750
1750
1750
1727
1750
1750
1700
1750
1751
1774
1817
1750
1750
1750
1751
1749
1804
1737
1750
1751
1778
1676
1750
1750
1750
1764
1750
1750
1750
1752
1783
1750
1750
1750
1750
1730
1750
1750
1750
1681
1750
1733
1750
1750
1750
1762
1750
1750
1750
1750
1750
1750
1750
1750
1750
1750
1750
1750
1750
1751
1749
1750
1750
1717
1697
1750
1750
1750
1759
1749
1751
1690
1770
1750
1750
1750
1750
1759
1750
1750
1750
1750
1780
1751
1758
1773
1747
1750
1750
1751
1750
1750
1750
1742
1750
1750
1750
1750
1750
1750
1774
