-1190
-1642
-1192
-1192
-1192
-1192
-1192
-1192
-1192
-7554
-1188
-1192
-1192
-4472
-2592
-1192
-1192
-1192
-1192
-5062
-1194
-10308
-1192
-1192
-5512
-1192
-2200
-9204
-4636
-1192
-1192
-1194
-1702
-1192
-1192
-1204
-1192
-1192
-1192
-1408
-9386
-1192
-1192
-1192
-1192
-1192
-1192
-1192
-14080
-1192
-2760
-1192
-1192
-1192
-5712
-1192
-1192
-3052
-1372
-4080
-1192
-5802
-1192
-1192
-1192
-2760
-1192
-1458
-1188
-1192
-1188
-1192
-8272
-1264
-1192
-1192
-2112
-1192
-1192
-1194
-1188
-1192
-6188
-2074
-10440
-2758
-1368
-1192
-1192
-3304
-1192
-1192
-1192
-1192
-1192
-1192
-1192
-1190
-1502
-1192
-1192
-1192
-1408
-1192
-1192
-1192
-1192
-1192
-1190
-1192
-1408
-1192
-1192
-1192
-1192
-1192
-1192
-1192
-1372
-1192
-1192
-1192
-3572
-1192
-1192
-4720
-1192
-8392
-2488
-3932
-1642
-1264
-1192
-1192
-1192
-9512
-1192
-4242
-1192
-1192
-1556
-3930
-1192
-1192
-1192
-1354
-1192
-1192
-1192
-1192
-1192
-1192
-1192
-2158
-1192
-1192
-10348
-1192
-1194
-2298
-10304
-1192
-1192
-1192
-1194
-1188
-7024
-1504
-1192
-1194
-2760
-12144
-1192
-1192
-1192
-1584
-1192
-1192
-1192
-1204
-3568
-1192
-1192
-1192
-1192
-2076
-1192
-1192
-1192
-10576
-1192
-1482
-1192
-1192
-1192
-1480
-1192
-1192
-1192
-1190
-1192
-1192
-1192
-1190
-1192
-1192
-1190
-1192
-1192
-1194
-1188
-1192
-1192
-3304
-6704
-1192
-1192
-1192
-1322
-1188
-1194
-8272
-1992
-1192
-1192
-1192
-1192
-1372
-1192
-1192
-1192
-1192
-2254
-1194
-1368
-2342
-1198
-1192
-1192
-1194
-1192
-1192
-1192
-1304
-1192
-1192
-1192
-1192
-1192
-1192
-2488
