752
-14763
-11504
-4958
-1700
-1128
-11072
-3939
-3049
615
318
-963
396
-1036
498
-83
604
-307
712
486
746
620
703
687
743
744
748
749
728
531
732
747
733
745
590
734
696
-172
728
642
-712
-2540
-2197
733
706
691
710
576
597
-2278
-5709
734
739
694
670
247
191
734
602
710
703
211
-126
734
-1763
-3849
-1238
729
741
721
731
633
501
-5194
-5498
751
107
697
715
-1775
699
724
719
736
-7148
-160
293
704
742
731
489
706
738
646
-1893
734
140
735
622
735
-747
716
718
732
-694
696
665
-2381
-5490
616
639
674
706
41
701
-702
691
729
-2348
742
720
-799
-1506
717
711
370
613
720
709
680
-4444
726
612
-1362
531
-10605
495
739
721
643
715
499
743
676
531
-1593
-1343
737
720
-3083
738
296
451
-2058
-1429
-1221
-14707
299
734
737
737
726
717
740
727
690
-3489
-26
439
713
704
695
-1883
-716
-571
-3854
686
-519
-2284
697
715
722
-694
-9001
-1947
737
-5361
728
112
734
737
686
696
-3087
-2899
739
728
718
731
537
538
329
674
-438
725
-1238
728
-808
-430
748
720
-6708
735
-498
719
716
-2861
-825
-5038
714
-75
676
697
-729
385
715
-2259
699
679
732
-557
601
-4707
-1713
387
743
743
649
292
675
623
598
724
742
-2907
705
718
-823
725
-4183
-11812
