-786
-16708
-13398
-6848
-3528
-2946
-12964
-5814
-4922
-992
-1406
-2766
-1320
-2842
-1148
-1858
-1014
-2104
-862
-1200
-806
-994
-872
-910
-814
-812
-794
-792
-842
-1092
-836
-804
-830
-800
-970
-820
-866
-1702
-824
-918
-2294
-4294
-3806
-810
-842
-866
-844
-988
-960
-3966
-7342
-816
-808
-860
-882
-1300
-1350
-816
-956
-850
-848
-1338
-1704
-820
-3278
-5552
-2894
-832
-808
-828
-816
-938
-1074
-6694
-7128
-788
-1456
-858
-844
-3296
-860
-836
-832
-818
-8638
-1742
-1294
-846
-800
-816
-1066
-844
-810
-908
-3480
-812
-1396
-812
-938
-814
-2340
-832
-830
-818
-2266
-858
-892
-3908
-7002
-968
-930
-888
-854
-1534
-852
-2312
-872
-822
-3870
-810
-836
-2434
-3144
-832
-836
-1238
-952
-828
-840
-890
-5958
-826
-952
-2960
-1032
-12094
-1068
-804
-834
-918
-838
-1048
-804
-884
-1044
-3312
-2982
-830
-846
-4588
-810
-1268
-1156
-3798
-3068
-2828
-16380
-1266
-820
-808
-808
-826
-840
-806
-814
-858
-4990
-1568
-1122
-840
-850
-854
-3492
-2378
-2172
-5360
-874
-2048
-3872
-856
-842
-838
-2222
-10646
-3618
-812
-6860
-822
-1412
-814
-814
-864
-856
-4762
-4586
-808
-822
-844
-836
-1050
-1042
-1210
-884
-2010
-822
-2824
-828
-2426
-2046
-794
-834
-8346
-820
-2024
-832
-832
-4454
-2350
-6526
-834
-1598
-880
-852
-2314
-1164
-844
-3790
-848
-878
-814
-2136
-962
-6316
-3326
-1202
-800
-800
-908
-1248
-886
-968
-958
-830
-810
-4408
-850
-838
-2400
-828
-5788
-13476
