1538
1945
1894
1890
1828
1818
1892
1875
1873
1607
1724
1803
1716
1806
1646
1775
1618
1797
1574
1686
1552
1614
1575
1597
1557
1556
1542
1541
1570
1623
1568
1551
1563
1545
1560
1554
1562
1530
1552
1560
1582
1754
1609
1543
1548
1557
1554
1564
1557
1688
1633
1550
1547
1554
1552
1547
1541
1550
1558
1560
1551
1549
1578
1554
1515
1703
1656
1561
1549
1549
1547
1571
1575
1500
1630
1539
1563
1555
1559
1521
1559
1560
1551
1554
1490
1582
1587
1550
1542
1547
1555
1550
1548
1554
1587
1546
1536
1547
1560
1549
1593
1548
1548
1550
1572
1554
1557
1527
1512
1584
1569
1562
1560
1575
1553
1610
1563
1551
1522
1552
1556
1635
1638
1549
1547
1608
1565
1548
1549
1570
1514
1552
1564
1598
1563
1489
1563
1543
1555
1561
1553
1547
1547
1560
1575
1719
1639
1567
1566
1505
1548
1564
1607
1740
1639
1607
1673
1565
1554
1545
1545
1552
1557
1546
1541
1548
1501
1542
1561
1553
1554
1549
1609
1662
1601
1506
1560
1529
1588
1553
1557
1560
1528
1645
1671
1549
1499
1550
1524
1548
1551
1550
1552
1675
1687
1547
1550
1562
1567
1587
1580
1539
1558
1572
1547
1586
1556
1618
1616
1542
1554
1638
1555
1526
1551
1548
1593
1525
1488
1548
1523
1556
1549
1585
1549
1559
1531
1547
1557
1546
1579
1563
1609
1613
1589
1543
1543
1557
1540
1561
1591
1556
1554
1552
1501
1555
1556
1577
1553
1605
1664
