754
-5391
-4883
-774
685
616
-1696
-612
-13636
-381
-552
-46
-919
-170
-46
698
-3464
697
712
698
713
726
726
741
-7
704
751
748
751
698
748
227
710
752
685
751
743
751
753
748
703
748
704
-2436
733
644
695
-5292
732
-230
-11344
740
726
736
562
718
296
721
727
676
-4231
732
733
742
736
703
742
749
740
745
739
-3829
-4224
721
693
710
720
746
714
-2257
729
745
750
723
743
739
749
671
700
-505
-59
738
738
739
727
-1468
725
613
-1611
724
718
-1272
728
744
728
728
427
558
500
719
733
543
733
394
683
587
433
544
722
679
738
709
698
548
744
640
730
-1137
687
727
-306
743
729
725
-48
724
743
-68
470
740
734
743
719
744
749
-1004
490
-1151
749
607
-925
737
466
431
-180
-1784
667
306
742
699
188
-1062
-1429
739
751
734
-5744
-3280
739
723
722
-4623
742
377
692
-8452
660
716
-3392
615
749
-2183
734
726
731
723
739
718
722
717
712
733
740
734
740
748
748
-1782
-2663
-5887
-3351
744
749
-1480
-1671
729
691
311
699
731
-34
745
738
-1476
728
-1739
711
589
584
731
-1424
355
714
742
723
-1134
23
741
691
-320
650
-2445
734
738
733
743
-1331
-559
745
-5940
734
-3174
553
716
-4620
652
719
678
-9727
-4429
739
