-790
-7344
-6832
-2638
-942
-1030
-3600
-2404
-15596
-2164
-2410
-1814
-2798
-1940
-1804
-916
-5392
-902
-874
-896
-872
-858
-856
-840
-1666
-888
-804
-826
-798
-900
-824
-1422
-878
-796
-940
-802
-834
-812
-792
-818
-890
-808
-858
-3952
-826
-936
-888
-6876
-820
-1848
-12990
-812
-832
-828
-1004
-846
-1278
-840
-838
-900
-5754
-838
-832
-816
-820
-858
-814
-806
-824
-816
-822
-5438
-5844
-856
-878
-850
-836
-818
-852
-3822
-822
-820
-814
-834
-808
-820
-814
-910
-868
-2120
-1662
-824
-830
-832
-838
-3006
-840
-962
-3138
-840
-854
-2848
-846
-818
-828
-848
-1168
-1008
-1076
-844
-834
-1026
-826
-1182
-890
-1002
-1152
-1022
-838
-908
-832
-862
-870
-1056
-822
-926
-832
-2746
-884
-826
-1840
-816
-826
-836
-1592
-842
-814
-1608
-1106
-828
-830
-810
-836
-812
-814
-2652
-1126
-2682
-806
-968
-2528
-812
-1102
-1138
-1738
-3352
-926
-1236
-818
-870
-1360
-2720
-3102
-824
-812
-832
-7320
-4892
-828
-838
-834
-6100
-816
-1182
-884
-9964
-926
-850
-4918
-936
-814
-3710
-840
-842
-832
-830
-814
-842
-840
-846
-854
-830
-816
-828
-820
-816
-818
-3314
-4200
-7526
-5016
-818
-814
-3070
-3202
-830
-870
-1268
-854
-838
-1610
-822
-836
-3072
-834
-3274
-866
-1006
-1012
-830
-3028
-1218
-844
-816
-842
-2870
-1570
-830
-876
-1860
-916
-3962
-824
-824
-828
-806
-2854
-2154
-806
-7436
-820
-4782
-998
-836
-6228
-922
-846
-892
-11380
-5942
-824
