1544
1953
1949
1864
1627
1646
1904
1792
1960
1783
1858
1768
1879
1770
1758
1614
1928
1599
1586
1594
1585
1584
1582
1581
1659
1592
1555
1574
1549
1598
1572
1649
1588
1548
1625
1553
1577
1563
1545
1566
1593
1556
1562
1516
1559
1580
1583
1584
1552
1618
1646
1552
1558
1564
1566
1564
1574
1561
1565
1576
1523
1570
1565
1558
1556
1561
1556
1555
1564
1561
1561
1609
1620
1577
1571
1560
1556
1564
1566
1565
1551
1565
1564
1557
1551
1559
1563
1581
1568
1615
1603
1562
1568
1571
1565
1538
1565
1575
1527
1564
1572
1576
1574
1562
1556
1576
1595
1566
1576
1563
1567
1569
1559
1576
1573
1589
1585
1566
1560
1587
1570
1571
1568
1604
1566
1566
1562
1609
1571
1553
1534
1559
1555
1561
1544
1566
1557
1540
1576
1568
1564
1553
1555
1556
1563
1648
1616
1531
1555
1575
1603
1549
1568
1569
1558
1568
1593
1542
1560
1569
1548
1658
1673
1563
1563
1566
1576
1612
1567
1561
1556
1477
1558
1559
1576
1512
1586
1566
1526
1551
1563
1527
1574
1568
1563
1553
1553
1560
1562
1563
1566
1563
1556
1562
1560
1564
1566
1532
1537
1639
1665
1562
1563
1590
1531
1559
1561
1579
1553
1569
1576
1567
1574
1596
1562
1535
1577
1595
1596
1561
1604
1573
1558
1558
1565
1736
1593
1571
1567
1540
1566
1517
1558
1562
1561
1549
1523
1595
1551
1496
1554
1608
1551
1552
1608
1574
1565
1570
1653
1513
1563
