721
721
-3646
-5281
-8736
-1401
-541
-125
-1103
140
-7000
600
-180
-2451
-3991
-2329
670
598
-179
565
-481
675
143
-181
713
669
704
717
712
717
719
676
711
299
717
715
718
718
715
594
-6795
-862
47
708
-5966
710
-3203
711
713
556
353
713
711
574
-229
633
709
496
711
704
705
710
705
708
700
705
589
717
701
704
710
-37
-6142
597
116
-62
699
712
-68
513
499
576
589
712
714
-1179
708
-236
623
705
696
558
365
552
569
712
695
710
-1029
712
711
705
711
716
706
-951
633
710
715
-1723
3
-156
716
-2611
630
-3203
717
711
707
706
712
713
-4033
647
711
-2266
-6184
714
710
708
704
708
-1054
702
711
714
697
644
-1184
619
-1988
654
-2213
614
632
521
-2008
707
-2768
713
4
714
0
717
715
716
719
717
706
-2387
559
710
645
715
713
144
705
144
-843
715
699
712
715
-2449
705
710
702
709
711
713
542
710
716
706
-13486
-6865
716
710
-23
714
707
-9215
709
716
711
-7289
-2611
710
702
711
717
708
709
714
713
703
706
712
-1436
709
715
710
708
708
-14173
-1333
-6227
707
712
710
711
181
-713
412
-7541
714
711
706
714
475
702
-1363
-3986
711
716
-5845
-3033
-4399
698
714
700
502
562
712
-473
704
706
709
-2949
592
707
