-23838
-18703
-14502
-14502
-14502
-14018
-12770
-12770
-8732
-8732
-6629
-6629
-6139
-6139
-6139
-6139
-5206
-5206
-4270
-3821
-3821
-2879
-2879
-2879
-2748
-2532
-1920
-1756
-1610
-1610
-1573
-1573
-1325
-681
-681
-681
-681
-681
-681
-539
-539
-539
-539
-539
-429
-429
-412
-412
-395
-395
-233
-233
-233
-226
-220
-84
-84
-84
-20
-20
-20
72
72
72
72
72
93
210
210
210
210
210
211
211
225
231
231
231
231
237
237
237
238
247
271
271
271
271
275
275
275
294
297
297
297
314
314
319
323
328
336
336
336
336
342
343
343
355
355
355
355
356
368
368
368
374
374
374
374
374
374
374
374
378
381
381
388
388
388
388
391
392
399
403
410
412
420
423
423
423
423
423
423
427
427
436
439
441
441
441
444
444
444
444
444
444
444
469
471
476
476
479
479
486
488
488
491
494
494
494
494
496
496
496
496
496
497
497
498
498
498
498
498
498
498
498
498
498
499
499
499
499
503
503
503
503
505
505
505
505
506
506
506
508
508
508
508
510
510
510
511
511
511
511
511
511
511
511
511
511
516
521
521
521
521
521
521
521
521
521
521
522
522
522
522
522
523
523
523
523
527
528
528
528
528
528
528
528
528
528
528
528
528
528
528
528
528
528
528
528
528
528
528
528
533
533
533
533
533
533
533
533
533
533
533
533
533
533
533
533
533
533
533
533
545
550
550
550
550
550
550
550
550
550
550
550
550
550
550
550
550
550
550
550
555
555
555
555
555
555
555
556
556
556
558
558
558
558
558
558
558
558
558
558
558
558
558
558
558
558
558
558
558
558
558
558
558
558
558
558
558
558
558
558
558
558
558
558
558
558
563
563
563
563
563
563
563
563
563
563
563
563
563
563
563
563
563
563
563
563
563
563
563
563
563
563
563
563
563
563
563
563
563
563
563
563
563
563
564
566
566
567
567
567
567
567
567
567
569
569
569
569
570
570
570
570
576
576
577
577
577
577
577
577
577
577
578
579
579
579
579
579
579
579
579
579
579
579
579
579
579
579
579
579
579
579
579
579
579
579
579
579
579
579
579
579
579
579
579
579
579
579
580
580
580
580
580
580
580
580
580
580
580
580
580
580
580
580
580
580
580
580
580
580
580
580
580
580
580
581
581
581
581
581
581
581
581
581
581
581
584
584
584
584
584
584
584
584
584
584
584
584
584
584
584
584
584
584
584
584
584
584
584
584
584
584
584
584
584
584
584
584
584
584
584
584
584
584
584
584
584
584
584
584
584
584
584
584
585
585
585
585
585
585
585
585
585
585
585
585
585
585
585
585
585
585
585
585
585
585
585
585
585
585
585
585
585
585
585
585
586
586
586
587
587
587
587
588
588
588
588
588
588
588
588
588
588
588
588
589
589
589
589
589
589
589
589
589
589
589
589
589
589
589
589
589
589
589
589
589
589
589
589
589
589
589
589
589
592
595
595
595
595
595
595
595
595
595
595
595
595
595
595
595
595
595
595
595
595
595
595
596
596
596
596
596
596
596
596
596
596
596
596
596
596
596
596
596
596
596
596
597
597
597
597
597
597
597
597
597
597
597
597
597
597
597
597
597
597
597
597
597
597
597
598
598
598
599
601
601
601
601
601
601
601
601
601
602
602
602
602
602
602
602
603
603
603
603
603
603
603
603
603
603
603
603
603
603
603
603
603
603
603
605
606
606
606
606
606
606
606
606
606
606
606
606
606
606
606
606
606
606
606
606
606
606
606
606
606
606
609
609
611
611
611
611
611
615
615
615
615
615
615
615
615
615
615
615
615
615
615
615
616
616
616
616
616
616
616
616
616
616
616
616
616
616
616
616
616
617
617
617
617
617
617
618
618
618
618
618
618
618
618
618
618
618
618
618
618
618
618
618
618
619
619
619
619
619
619
619
619
619
619
619
619
619
619
620
620
620
620
620
620
620
620
620
620
620
620
620
620
620
620
620
620
620
620
620
620
620
620
620
620
620
620
620
620
620
620
620
620
621
621
621
621
621
621
621
621
621
621
621
621
621
621
621
621
621
621
621
621
621
621
621
622
622
622
622
622
622
622
622
623
623
623
623
623
623
623
623
623
623
623
623
624
624
624
624
624
624
624
624
624
624
624
624
624
624
624
624
625
625
625
625
625
625
625
625
625
625
627
627
627
627
627
627
627
627
627
627
629
632
638
638
641
641
641
641
641
642
642
642
642
642
642
642
642
642
642
642
642
642
642
642
642
642
642
642
642
642
642
642
642
642
642
642
642
642
642
642
642
642
642
642
642
642
642
642
642
642
642
642
642
642
642
642
642
642
642
642
642
642
642
642
642
642
642
642
642
642
642
642
642
642
642
643
643
643
643
643
643
643
643
643
643
643
643
643
643
643
643
643
643
644
644
644
644
644
644
644
644
644
644
644
644
644
644
644
644
644
644
644
644
644
644
644
644
644
644
644
644
644
644
644
644
644
644
644
644
644
644
644
644
644
644
644
644
644
644
644
644
645
645
645
648
648
648
648
648
648
648
648
648
648
648
648
648
648
656
656
656
656
656
656
656
656
656
656
656
656
656
656
656
656
656
656
656
656
656
656
656
656
656
656
656
656
656
656
656
656
656
656
656
656
656
656
656
656
656
656
656
657
657
657
657
657
657
657
657
657
657
657
657
657
657
657
657
657
657
657
657
657
657
657
657
657
657
657
657
657
658
658
658
658
658
658
658
658
658
658
658
658
658
658
658
658
658
658
658
658
658
658
658
658
658
658
658
659
660
660
660
660
660
661
661
661
661
661
661
661
661
661
661
661
661
661
661
661
661
661
661
661
661
661
662
662
662
662
662
662
662
662
662
662
662
662
662
662
662
662
662
662
662
662
662
662
662
662
662
662
662
662
662
662
662
662
662
662
662
662
662
662
662
662
662
662
662
662
662
662
662
662
662
662
662
662
662
662
662
662
662
662
662
662
662
662
662
662
662
662
662
662
662
664
664
664
664
664
664
664
664
664
664
664
664
664
664
664
664
664
664
664
664
664
664
664
664
664
664
664
664
664
664
664
664
664
664
664
664
664
664
664
664
664
664
664
664
664
664
664
664
664
664
664
664
664
664
664
664
664
664
664
664
664
664
664
664
664
664
664
664
664
664
664
664
664
664
664
664
664
664
664
664
664
664
664
664
664
664
664
664
664
664
664
664
664
664
664
664
664
664
664
664
664
664
664
664
664
664
664
664
664
665
667
667
667
667
667
667
667
667
667
667
667
667
667
667
669
669
669
669
669
669
669
669
669
669
669
669
669
669
669
669
669
669
669
669
669
669
669
669
669
669
669
669
669
669
669
669
669
669
669
669
669
669
669
669
669
669
669
669
669
669
669
669
669
669
669
669
669
669
669
669
669
669
669
669
669
669
669
669
669
669
669
669
669
669
669
669
669
669
669
669
669
669
669
669
669
669
669
669
669
669
669
669
669
669
669
669
669
669
669
669
669
669
669
669
669
669
669
669
669
669
669
669
669
669
669
669
669
669
669
669
669
669
669
669
669
669
669
669
669
669
669
669
669
669
669
669
669
669
669
669
669
669
669
669
669
669
669
669
669
669
669
669
669
669
669
669
669
669
669
672
672
673
673
673
673
673
673
673
673
673
673
673
673
673
673
673
673
673
673
673
673
673
673
673
673
673
673
673
673
673
673
673
673
673
673
673
673
674
674
674
674
674
674
674
674
674
674
674
674
674
674
674
674
674
674
676
676
676
676
676
676
676
676
677
677
677
677
677
677
677
677
677
677
677
677
677
677
677
677
677
677
677
677
677
677
677
677
677
677
677
677
677
677
677
677
677
677
677
677
677
677
677
677
677
677
677
677
677
677
677
677
677
677
677
677
677
677
677
677
677
677
677
677
677
677
677
677
677
677
677
677
677
677
677
677
677
677
677
677
677
677
677
677
677
677
677
677
677
677
677
677
677
677
677
677
677
677
677
677
677
677
677
677
677
677
677
677
677
677
677
677
677
677
677
677
677
677
677
677
677
677
677
677
677
677
677
677
677
677
677
677
677
677
677
677
677
677
677
677
677
677
677
677
677
677
677
677
677
677
677
677
677
677
677
677
677
677
677
677
677
677
677
677
677
678
678
678
678
678
678
678
678
678
678
678
678
678
678
678
678
678
678
678
678
678
678
678
678
678
678
678
678
678
678
678
678
678
678
678
678
678
678
678
678
678
678
678
678
678
678
678
678
678
678
678
678
678
678
678
678
678
678
678
678
678
678
678
678
678
678
678
678
678
678
678
678
678
678
678
678
678
678
678
678
678
678
678
678
678
678
678
678
678
678
678
678
678
678
678
678
678
678
678
678
678
678
678
678
678
678
678
678
678
678
678
678
678
678
678
678
678
678
678
678
678
678
678
678
678
678
678
678
678
678
678
678
678
678
678
678
678
678
678
678
679
679
679
679
679
679
679
679
679
679
679
679
679
679
679
680
680
680
680
680
680
680
681
681
681
681
681
681
681
681
681
681
681
681
681
681
681
681
681
681
681
681
681
681
681
681
681
681
681
681
681
681
681
681
681
681
681
681
681
681
681
681
681
681
681
681
681
681
681
681
681
681
681
681
681
681
681
681
681
681
681
681
681
681
681
681
681
681
681
681
681
681
681
681
681
681
681
681
681
681
681
681
681
681
681
681
681
681
681
681
681
681
681
681
681
681
681
681
681
681
681
681
681
681
681
681
681
681
681
681
681
681
681
681
681
681
681
682
682
682
682
682
682
682
682
682
682
682
682
682
682
682
682
682
682
682
682
682
682
682
682
682
682
682
682
682
682
682
682
682
682
682
682
682
682
682
682
682
682
682
682
682
682
682
682
682
682
682
682
682
682
682
682
682
682
682
682
682
682
682
682
682
682
682
682
682
682
682
682
682
682
682
682
682
682
682
682
682
682
682
682
682
682
682
682
682
682
682
682
682
682
682
682
682
682
682
682
682
682
682
682
682
682
682
682
682
683
683
684
684
684
684
684
684
684
684
684
684
684
684
684
684
684
684
684
684
684
684
684
684
684
684
684
684
684
684
684
684
684
684
684
684
684
684
684
684
684
684
684
684
684
684
684
684
684
684
684
685
685
685
685
685
685
685
685
685
685
685
685
685
685
685
685
685
685
685
685
685
685
685
685
685
685
685
685
685
685
685
685
685
685
685
685
685
685
685
685
685
685
685
685
685
685
685
685
685
685
685
685
685
685
685
685
685
685
685
686
686
686
686
686
686
686
686
686
686
686
686
686
686
686
686
686
686
686
686
686
686
686
686
686
686
686
686
686
686
686
686
686
686
686
686
686
686
686
686
686
686
686
686
686
686
686
686
686
686
686
686
686
686
686
686
686
686
686
686
686
686
686
686
686
686
686
686
686
686
686
686
686
686
686
686
686
686
686
686
686
686
686
686
686
686
686
686
686
686
686
686
686
686
686
686
686
686
686
686
686
686
686
686
686
686
686
686
686
686
686
686
686
686
686
686
686
686
686
686
686
686
686
686
686
686
686
686
686
686
686
686
686
686
686
686
686
686
686
688
688
688
688
688
688
688
688
688
688
688
688
688
688
688
688
688
688
688
688
688
688
688
688
688
688
688
688
688
688
688
688
688
688
688
688
688
688
688
688
688
688
688
688
688
688
689
689
690
690
690
690
690
690
690
690
690
690
690
690
690
690
690
690
690
690
690
690
690
690
690
690
690
690
690
690
690
690
690
690
690
690
690
690
690
690
690
690
690
690
690
690
690
690
690
690
690
690
690
690
690
690
690
690
690
690
690
690
690
690
690
690
690
690
690
690
690
690
690
690
690
690
690
690
690
690
690
690
690
690
690
690
690
690
690
690
690
690
690
690
690
690
690
690
690
690
690
690
690
690
690
690
690
690
690
690
690
690
690
690
690
690
690
690
690
690
690
690
690
690
690
690
690
690
690
690
690
690
690
690
690
690
690
690
690
690
690
690
690
690
690
690
690
690
690
690
690
690
690
690
690
690
690
690
690
690
690
690
690
690
690
690
690
690
690
690
690
690
690
690
690
690
690
690
690
690
690
690
690
690
690
690
690
690
690
690
690
690
690
690
690
690
690
690
690
690
690
690
690
690
690
690
690
690
690
690
690
690
690
690
690
690
690
690
690
690
690
690
690
690
690
690
690
690
690
690
690
690
690
690
690
690
690
690
690
690
691
691
691
691
691
691
691
691
691
691
691
691
691
691
691
691
691
691
691
691
691
691
691
691
691
691
691
691
691
691
691
691
691
691
691
691
691
691
691
691
691
691
691
691
691
691
691
691
691
691
691
691
691
691
691
691
691
691
691
691
691
691
691
691
691
691
691
691
691
691
691
691
691
691
691
691
691
691
691
691
691
691
691
691
691
691
691
691
691
691
691
691
691
691
691
691
691
691
691
691
691
691
691
691
691
691
691
691
691
691
691
691
691
691
691
691
691
691
691
691
691
691
691
691
691
691
691
691
692
692
692
692
692
692
692
692
692
692
692
692
692
692
692
692
692
692
692
692
692
692
692
692
692
692
692
692
692
692
692
692
692
692
692
692
692
692
692
692
692
692
692
692
692
692
692
692
692
692
692
692
692
692
692
692
692
692
692
692
692
692
692
692
692
692
692
692
692
692
692
692
692
692
692
692
692
692
692
692
692
692
692
692
692
692
692
692
692
692
692
692
692
692
692
692
692
692
692
692
692
692
692
692
692
692
692
692
692
692
692
692
692
692
692
692
692
692
692
692
692
692
692
692
692
692
692
692
692
692
692
692
692
692
692
692
692
692
692
692
692
692
692
692
692
692
692
692
692
692
692
692
692
692
692
692
692
692
692
692
692
692
695
695
695
695
695
695
695
695
695
695
695
695
695
695
695
695
695
695
695
695
695
695
695
695
695
695
695
695
695
695
695
695
695
695
695
695
695
695
695
695
695
695
695
695
695
695
695
695
695
695
695
695
695
695
695
695
695
695
695
695
695
695
695
695
695
695
695
695
695
695
695
695
695
695
695
695
695
695
695
695
695
695
695
695
695
695
695
695
697
697
697
697
697
697
697
697
697
697
697
697
697
697
697
697
697
697
697
697
697
697
697
697
697
697
697
697
697
697
697
697
697
697
697
697
697
697
697
697
697
697
697
697
697
697
697
697
697
697
697
697
697
697
697
697
697
697
697
697
697
697
697
697
697
697
697
697
697
697
697
697
697
697
697
697
697
697
697
697
697
697
697
697
697
697
697
697
697
697
697
697
697
697
697
697
697
697
697
697
697
697
697
697
697
697
697
697
697
697
697
697
697
697
697
697
697
697
697
697
697
697
697
697
697
697
697
697
697
697
697
697
697
697
697
697
697
697
697
697
697
697
697
697
697
697
697
697
697
697
697
697
697
697
697
697
697
697
697
697
697
697
697
697
697
697
697
697
697
697
697
697
697
697
697
697
697
697
697
697
697
697
697
697
697
697
697
697
697
697
697
697
697
697
697
697
697
697
697
697
697
697
697
697
697
697
697
697
697
697
697
697
697
697
697
697
697
697
697
697
697
697
697
697
697
697
697
697
697
697
697
697
697
697
697
697
697
697
697
697
697
697
697
697
697
697
697
697
697
697
697
697
697
697
697
697
697
697
697
697
697
697
697
697
697
697
697
697
697
697
697
697
697
697
697
697
697
697
697
697
697
697
697
697
697
697
697
697
697
697
697
697
697
697
697
697
697
697
697
697
697
697
697
697
697
697
697
697
697
697
697
697
697
697
697
697
697
697
697
697
697
697
697
697
697
697
697
697
697
697
697
697
697
697
697
697
697
697
697
697
697
697
697
697
697
697
697
697
697
697
697
697
697
697
697
697
697
697
697
697
697
697
697
697
697
697
697
697
697
697
697
697
697
697
697
697
697
697
697
697
697
697
697
697
697
697
697
697
697
697
697
697
697
697
697
697
697
697
697
697
697
697
697
697
697
697
697
697
697
697
697
697
697
697
697
697
697
697
697
697
697
697
697
697
697
697
697
697
697
697
697
697
697
697
697
697
697
697
697
697
697
697
697
697
697
697
697
697
697
697
697
697
697
697
697
697
697
697
697
697
697
697
697
697
697
697
697
697
697
697
697
697
697
697
697
697
697
697
697
697
697
697
697
697
697
697
697
697
697
697
697
697
697
697
697
697
697
697
697
697
697
697
697
697
697
697
697
697
697
697
697
697
697
697
697
697
697
697
697
697
697
697
697
697
697
697
697
697
697
697
697
697
697
697
697
697
697
697
697
697
697
697
697
697
697
697
697
697
697
697
697
697
697
697
697
697
697
697
697
697
697
697
697
697
697
697
697
697
697
697
697
697
697
697
697
697
697
697
697
697
697
697
697
697
697
697
697
697
697
697
697
697
697
697
697
697
697
697
697
697
697
697
697
697
697
697
697
697
697
697
697
698
698
698
698
698
698
698
698
698
698
698
698
698
698
698
698
698
698
698
698
698
698
698
698
698
698
698
698
698
698
698
698
698
698
698
698
698
698
698
698
698
698
698
698
698
698
698
698
698
698
698
698
698
698
698
698
698
698
698
698
698
698
698
698
698
698
698
698
698
698
698
698
698
698
698
698
698
698
698
698
698
698
698
698
698
698
698
698
698
698
698
698
698
698
698
698
698
698
698
698
698
698
698
698
698
698
698
698
698
698
698
698
698
698
698
698
698
698
698
698
698
698
698
698
698
698
698
698
698
698
698
698
698
698
698
698
698
698
698
698
698
698
698
698
698
698
698
698
698
698
698
698
698
698
698
698
698
698
698
698
698
698
698
698
698
698
698
698
698
698
698
698
698
698
698
698
698
698
698
698
698
698
698
698
698
698
698
698
698
698
698
698
698
698
698
698
698
698
698
698
698
698
698
698
698
698
698
698
698
698
698
698
698
698
698
698
698
698
698
698
698
698
698
698
698
698
698
698
698
698
698
698
698
698
698
698
698
698
698
698
698
698
698
698
698
698
698
698
698
698
698
698
698
698
698
698
698
698
698
698
698
698
698
698
698
698
698
698
698
698
698
698
698
698
698
698
698
698
698
698
698
698
698
698
698
698
698
698
698
698
698
698
698
698
698
698
698
698
698
698
698
698
698
698
698
698
698
698
698
698
698
698
698
698
698
698
698
698
698
698
698
698
698
698
698
698
698
698
698
698
698
698
698
698
698
698
698
698
698
698
698
698
698
698
698
698
698
698
698
698
698
698
698
698
698
698
698
698
698
698
698
698
698
698
698
698
698
698
698
698
698
698
698
698
698
698
698
698
698
698
698
698
698
698
698
698
698
698
698
698
698
698
698
698
698
698
698
698
698
698
698
698
698
698
698
698
698
698
698
698
698
698
698
698
698
698
698
698
698
698
698
698
698
698
698
698
698
698
698
698
698
698
698
698
698
698
698
698
698
698
698
698
698
698
698
698
698
698
698
698
698
698
698
698
698
698
698
698
698
698
698
698
698
698
698
698
698
698
698
698
698
698
698
698
698
698
698
698
698
698
698
698
698
698
698
698
698
698
698
698
698
698
698
698
698
698
698
698
698
698
698
698
698
698
698
698
698
698
698
698
698
698
698
698
698
698
698
698
698
698
698
698
698
698
698
698
698
698
698
698
698
698
698
698
698
698
698
698
698
698
698
698
698
698
698
698
698
698
698
698
698
698
698
698
698
698
698
698
698
698
698
698
698
698
698
698
698
698
698
698
698
698
698
698
698
698
698
698
698
698
698
698
698
698
698
698
698
698
698
698
698
698
698
698
698
698
698
698
698
698
698
698
698
698
698
698
698
698
698
698
698
698
698
698
698
698
698
698
698
698
698
698
698
698
698
698
698
698
698
698
698
698
698
698
698
698
698
698
698
698
698
698
698
698
698
698
698
698
698
698
698
698
698
698
698
698
698
698
698
698
698
698
698
698
698
698
698
698
698
698
698
698
698
698
698
698
698
698
698
698
698
698
698
698
698
698
698
698
698
698
698
698
698
698
698
698
698
698
698
698
698
698
698
698
698
698
698
698
698
698
698
698
698
698
698
698
698
698
698
698
698
698
698
698
698
698
698
698
698
698
698
698
698
698
698
698
698
698
698
698
698
698
698
698
698
698
698
698
698
698
698
698
698
698
698
698
698
698
698
698
698
698
698
698
698
698
698
698
698
698
698
698
698
698
698
699
700
700
700
700
700
700
700
700
701
701
701
701
701
701
701
701
701
701
701
701
701
701
701
701
701
701
701
701
701
701
701
701
701
701
701
701
701
701
701
701
701
701
701
701
701
701
701
701
701
701
701
701
701
701
701
701
701
701
701
701
701
701
701
701
701
701
701
701
701
701
701
701
701
701
701
701
701
701
701
701
701
701
701
701
701
701
701
701
701
701
701
701
701
701
701
701
701
701
701
701
701
701
701
701
701
701
701
701
701
701
701
701
701
701
701
701
701
701
701
701
701
701
701
701
701
701
701
701
701
701
701
701
701
701
701
701
701
701
701
701
701
701
701
701
701
701
701
701
701
701
701
701
701
701
701
701
701
701
701
701
701
701
701
701
701
701
701
701
701
702
702
702
702
702
702
702
702
702
702
702
702
702
702
702
702
702
702
702
702
702
702
702
702
702
702
702
702
702
702
702
702
702
702
702
702
702
702
702
702
702
702
702
702
702
702
702
702
702
702
702
702
702
702
702
702
702
702
702
702
702
702
702
702
702
702
702
702
702
702
702
702
702
702
702
702
703
703
703
703
703
703
703
703
703
704
704
704
704
704
704
704
704
704
704
704
704
704
704
704
704
704
704
704
704
704
704
704
704
704
704
704
704
704
704
704
704
704
704
704
704
704
704
704
704
704
704
704
704
704
704
704
704
704
704
704
704
704
704
704
704
704
704
704
704
704
704
705
705
705
705
705
705
705
706
706
706
706
706
706
706
706
706
706
709
709
709
709
710
710
710
710
710
710
710
710
710
710
710
710
710
710
710
710
710
710
710
710
711
711
711
711
711
711
711
711
711
711
711
711
711
711
711
711
711
711
711
711
711
711
711
711
711
711
711
711
711
711
711
711
711
711
711
711
711
711
711
711
711
711
711
711
711
711
711
711
711
711
711
711
711
711
711
711
711
711
711
711
711
711
711
711
711
711
711
711
711
711
711
711
711
711
711
711
711
711
711
711
711
711
711
711
711
711
711
711
711
711
711
711
711
711
711
711
711
711
711
711
711
711
711
711
711
711
711
711
711
711
711
711
711
711
711
711
711
711
711
711
711
711
711
711
711
711
711
711
711
711
711
711
711
711
711
711
711
711
711
711
711
711
711
711
711
711
711
711
711
711
711
711
711
711
711
711
711
711
712
712
712
712
712
712
712
712
712
712
712
712
713
713
713
713
713
713
713
713
713
713
713
713
713
713
713
713
713
713
713
713
713
713
713
713
713
713
713
713
713
713
713
713
713
713
713
713
713
713
713
713
713
713
713
713
713
713
713
713
713
713
713
713
713
713
713
713
713
713
713
713
713
713
713
713
713
713
713
713
713
713
713
713
713
713
713
713
713
713
713
713
713
713
713
713
713
713
713
713
713
713
713
713
713
713
713
713
713
713
713
713
713
713
713
713
713
713
713
713
713
713
713
713
713
713
713
713
713
713
713
713
713
713
713
713
713
713
713
713
713
713
713
713
713
713
713
713
713
713
713
713
713
713
713
713
713
713
713
713
713
713
713
713
713
713
713
713
713
713
713
713
713
713
713
713
713
713
713
713
713
713
713
713
713
713
713
713
713
713
713
713
713
713
713
713
713
713
713
713
713
713
713
713
713
713
713
713
713
713
713
713
713
713
713
713
713
713
713
713
713
713
713
713
713
713
713
713
713
713
713
713
713
713
713
713
713
713
713
713
713
713
713
713
713
713
713
713
713
713
713
713
713
713
713
713
713
713
713
713
713
713
713
713
713
713
713
713
713
713
713
713
713
713
713
713
713
713
713
713
713
713
713
713
713
713
713
713
713
713
713
713
713
713
713
713
713
713
713
713
713
713
713
713
713
713
713
713
713
713
713
713
713
713
713
713
713
713
713
713
713
713
713
713
713
713
713
713
713
713
713
713
713
713
713
713
713
713
713
713
713
713
713
713
713
713
713
713
713
713
713
713
713
713
713
713
713
713
713
713
713
713
713
713
713
713
713
713
713
713
713
713
713
713
713
713
713
713
713
713
713
713
713
713
713
713
713
713
713
713
713
713
713
713
713
713
713
713
713
713
713
713
713
713
713
713
713
713
713
713
713
713
713
713
713
713
713
713
713
713
713
713
713
713
713
713
713
713
713
713
713
713
713
713
713
713
713
713
713
713
713
713
713
713
713
713
713
713
713
713
713
713
713
713
713
713
713
713
713
713
713
713
713
713
713
713
713
713
713
713
713
713
713
713
713
713
713
713
713
713
713
713
713
713
713
713
713
713
713
713
713
713
713
713
713
713
713
713
713
713
713
713
713
713
713
713
713
713
713
713
713
713
713
713
713
713
713
713
713
713
713
713
713
713
713
713
713
713
713
713
713
713
713
713
713
713
713
713
713
713
713
713
713
713
713
713
713
713
713
713
713
713
713
713
713
713
713
713
713
713
713
713
713
713
713
713
713
713
713
713
713
713
713
713
713
713
713
713
713
713
713
713
713
713
713
713
713
713
713
713
713
713
713
713
713
713
713
713
713
713
713
713
713
713
713
713
713
713
713
713
714
714
714
714
714
714
714
714
714
714
714
714
714
714
714
714
714
714
714
714
714
714
714
714
714
714
714
714
714
714
714
714
714
714
714
714
714
714
714
714
714
714
714
714
714
714
714
714
714
714
714
714
714
714
714
714
714
714
714
714
714
714
714
714
714
714
714
714
714
714
714
714
714
714
714
714
714
714
714
714
714
714
714
714
714
714
714
714
714
714
714
714
714
714
714
714
714
714
714
714
714
714
714
714
714
714
714
714
714
714
714
714
714
714
714
714
714
714
714
714
714
714
714
714
714
714
714
714
714
714
714
714
714
714
714
714
714
714
714
714
714
714
714
714
714
714
714
714
714
714
714
714
714
714
714
714
714
714
714
714
714
714
714
714
714
714
714
714
714
714
714
714
714
714
714
714
714
714
714
714
714
714
714
714
714
714
714
714
714
714
714
714
714
714
714
714
714
714
714
714
714
714
714
714
714
714
714
714
714
714
714
714
714
714
714
714
714
714
714
714
714
714
714
714
714
714
714
714
714
714
714
714
714
714
714
714
714
714
714
714
714
714
714
714
714
714
714
714
714
714
714
714
714
714
714
714
714
714
714
714
714
714
714
714
714
714
714
714
714
714
714
714
714
714
714
714
714
714
714
714
714
714
714
714
714
714
714
714
714
714
714
714
714
714
714
714
714
714
714
714
714
714
714
714
714
714
714
714
714
714
714
714
714
714
714
714
714
714
714
714
714
714
714
714
714
714
714
714
714
714
714
714
714
714
714
714
714
714
714
714
714
714
714
714
714
714
714
714
714
714
714
714
714
714
714
714
714
714
714
714
714
714
714
714
714
714
714
714
714
714
714
714
714
714
714
714
714
714
714
714
714
714
714
714
714
714
714
714
714
714
714
714
714
714
714
714
714
714
714
714
714
714
714
714
714
714
714
714
714
714
714
714
714
714
714
714
714
714
714
714
714
714
714
714
714
714
714
714
714
714
714
714
714
714
714
714
714
714
714
714
714
714
714
714
714
714
714
714
714
714
714
714
714
714
714
714
714
714
714
714
714
714
714
714
714
714
714
714
714
714
714
714
714
714
714
714
714
714
714
714
714
714
714
714
714
714
714
714
714
714
714
714
714
714
714
714
714
714
714
714
714
714
714
714
714
714
714
714
714
714
714
714
714
714
714
714
714
714
714
714
714
714
714
714
714
714
714
714
714
714
714
714
714
714
714
714
714
714
714
714
714
714
714
714
714
714
714
714
714
714
714
714
714
714
714
714
714
714
714
714
714
714
714
714
714
714
714
714
714
714
714
714
714
714
714
714
714
714
714
714
714
714
714
714
714
714
714
714
714
714
714
714
714
714
714
714
714
714
714
714
714
714
714
714
714
714
714
714
714
714
714
714
714
714
714
714
714
714
714
714
714
714
714
714
714
714
714
714
714
714
714
714
714
714
714
714
714
714
714
714
714
714
714
714
714
714
714
714
714
714
714
714
714
714
714
714
714
714
714
714
714
714
714
714
714
714
714
714
714
714
714
714
714
714
714
714
714
714
714
714
714
714
714
714
714
714
714
714
714
714
714
714
714
714
714
714
714
714
714
714
714
714
714
714
714
714
714
714
714
714
714
714
714
714
714
714
714
714
714
714
714
714
714
714
714
714
714
714
714
714
714
714
714
714
714
714
714
714
714
714
714
714
714
714
714
714
714
714
714
714
714
714
714
714
714
714
714
714
714
714
714
714
714
714
714
714
714
714
714
714
714
714
714
714
714
714
714
714
714
714
714
714
714
714
714
714
714
714
714
714
714
714
714
714
714
714
714
714
714
714
714
714
714
714
714
714
714
714
714
714
714
714
714
714
714
714
714
714
714
714
714
714
714
714
714
714
714
714
714
714
714
714
714
714
714
714
714
714
714
714
714
714
714
714
714
714
714
714
714
714
714
714
714
714
714
714
714
714
714
714
714
714
714
714
714
714
714
714
714
714
714
714
714
714
714
714
714
714
714
714
714
714
714
714
714
714
714
714
714
714
714
714
714
714
714
714
714
714
714
714
714
714
714
714
714
714
714
714
714
714
714
714
714
714
714
714
714
714
714
714
714
714
714
714
714
714
714
714
714
714
714
714
714
714
714
714
714
714
714
714
714
714
714
714
714
714
714
714
714
714
714
714
714
714
714
714
714
714
714
714
714
714
714
714
714
714
714
714
714
714
714
714
714
714
714
714
714
714
714
714
714
714
714
714
714
714
714
714
714
714
714
714
714
714
714
714
714
714
714
714
714
714
714
714
714
714
714
714
714
714
714
714
714
714
714
714
714
714
714
714
714
714
714
714
714
714
714
714
714
714
714
714
714
714
714
714
714
714
714
714
714
714
714
714
714
714
714
714
714
714
714
714
714
714
714
714
714
714
714
714
714
714
714
714
714
714
714
714
714
714
714
714
714
714
714
714
714
714
714
714
714
714
714
714
714
714
714
714
714
714
714
714
714
714
714
714
714
714
714
714
714
714
714
714
714
714
714
714
714
714
714
714
714
714
714
714
714
714
714
714
714
714
714
714
714
714
714
714
714
714
714
714
714
714
714
714
714
714
714
714
714
714
714
714
714
714
714
714
714
714
714
714
714
714
714
714
714
714
714
714
714
714
714
714
714
714
714
714
714
714
714
714
714
714
714
714
714
714
714
714
714
714
714
714
714
714
714
714
714
714
714
714
714
714
714
714
714
714
714
714
714
714
714
714
714
714
714
714
714
714
714
714
714
714
714
714
714
714
714
714
714
714
714
714
714
714
714
714
714
714
714
714
714
714
714
714
714
714
714
714
714
714
714
714
714
714
714
714
714
714
714
714
714
714
714
714
714
714
714
714
714
714
714
714
714
714
714
714
714
714
714
714
714
714
714
714
714
714
714
714
714
714
714
714
714
714
714
714
714
714
714
714
714
714
714
714
714
714
714
714
714
714
714
714
714
714
714
714
714
714
714
714
714
714
714
714
714
714
714
714
714
714
714
714
714
714
714
714
714
714
714
714
714
714
714
714
714
714
714
714
714
714
714
714
714
714
714
714
714
714
714
714
714
714
714
714
714
714
714
714
714
714
714
714
714
714
714
714
714
714
714
714
714
714
714
714
714
714
714
714
714
714
714
714
714
714
714
714
714
714
714
714
714
714
714
714
714
714
714
714
714
714
714
714
714
714
714
714
714
714
714
714
714
714
714
714
714
714
714
714
714
714
714
715
715
715
715
715
715
715
715
715
715
715
715
715
715
715
715
715
715
715
715
715
715
715
715
715
715
715
715
715
715
715
715
715
715
715
715
715
715
715
715
715
715
715
715
715
715
715
715
715
715
715
715
715
715
715
715
715
715
715
715
715
715
715
715
715
715
715
715
715
715
715
715
715
715
715
715
715
715
715
715
715
715
715
715
715
715
715
715
715
715
715
715
715
715
715
715
715
715
715
715
715
715
715
715
715
715
715
715
715
715
715
715
715
715
715
715
715
715
715
715
715
715
715
715
715
715
715
715
715
715
715
715
715
715
715
715
715
715
715
715
715
715
715
715
715
715
715
715
715
715
715
715
715
715
715
715
715
715
715
715
715
715
715
715
715
715
715
715
715
715
715
715
715
715
715
715
715
715
715
715
715
715
715
715
715
715
715
715
715
715
715
715
715
715
715
715
715
715
715
715
715
715
715
715
715
715
715
715
715
715
715
715
715
715
715
715
715
715
715
715
715
715
715
715
715
715
715
715
715
715
715
715
715
715
715
715
715
715
715
715
715
715
715
715
715
715
715
715
715
715
715
715
715
715
715
715
715
715
715
715
715
715
715
715
715
715
715
715
715
715
715
715
715
715
715
715
715
715
715
715
715
715
715
715
715
715
715
715
715
715
715
715
715
715
715
715
715
715
715
715
715
715
715
715
715
715
715
715
715
715
715
715
715
715
715
715
715
715
715
715
715
715
715
715
715
717
717
717
717
717
717
717
717
717
717
717
717
717
717
717
717
717
717
717
717
717
717
717
717
717
717
717
717
717
717
717
717
717
717
717
717
717
717
717
717
717
717
717
717
717
717
717
717
717
717
717
717
717
717
717
717
717
717
717
717
717
717
717
717
717
717
717
717
717
717
717
717
717
717
717
717
717
717
717
717
717
717
717
717
717
717
717
717
717
717
717
717
717
717
717
717
717
717
717
717
717
717
717
717
717
717
717
717
717
717
717
717
717
717
717
717
717
717
717
717
717
717
717
717
717
717
717
717
717
717
717
717
717
717
717
717
717
717
717
717
717
717
717
717
717
717
717
717
717
717
717
717
717
717
717
717
717
717
717
717
717
717
717
717
717
717
717
717
717
717
717
717
717
717
717
717
717
717
717
717
717
717
717
717
717
717
717
717
717
717
717
717
717
717
717
717
717
717
717
717
717
717
717
717
717
717
717
717
717
717
717
717
717
717
717
717
717
717
717
717
717
717
717
717
717
717
717
717
717
717
717
717
717
717
717
717
717
717
717
717
717
717
717
717
717
717
717
717
717
717
717
718
718
718
718
718
718
719
719
719
719
719
719
719
719
719
719
719
719
719
719
719
719
719
719
719
719
719
719
719
719
719
719
719
719
719
719
719
719
719
719
719
719
719
719
719
719
719
719
719
719
719
719
719
719
719
719
719
719
719
719
719
719
719
719
719
719
719
719
719
719
719
719
719
719
719
719
719
719
719
719
719
719
719
719
719
719
719
719
719
719
719
719
719
719
719
719
719
719
719
719
719
719
719
719
719
719
719
719
719
719
719
719
719
719
719
719
719
719
719
719
719
719
719
719
719
719
719
719
719
719
719
719
719
719
719
719
719
719
719
719
719
719
719
719
719
719
719
719
719
719
719
719
719
719
719
719
719
719
719
719
719
719
719
719
719
719
719
719
719
719
719
719
719
719
719
719
719
719
719
719
719
719
719
719
719
719
719
719
719
719
719
719
719
719
719
719
719
719
719
719
719
719
719
719
719
719
719
719
719
719
719
719
719
719
719
719
719
719
719
719
719
719
719
719
719
719
719
719
719
719
719
719
719
719
719
719
719
719
719
719
719
719
719
719
719
719
719
719
719
719
719
719
719
719
719
719
719
719
719
719
719
719
719
719
719
719
719
719
719
719
719
719
719
719
719
719
719
719
719
719
719
719
719
719
719
719
719
719
719
719
719
719
719
719
719
719
719
719
719
719
719
719
719
719
719
719
719
719
719
719
719
719
719
719
719
719
719
719
719
719
719
719
719
719
719
719
719
719
719
719
719
719
719
719
719
719
719
719
719
719
719
719
719
719
719
719
719
719
719
719
719
719
719
719
719
719
719
719
719
719
719
719
719
719
719
719
719
719
719
719
719
719
719
719
719
719
719
719
719
719
719
719
719
719
719
719
719
719
719
719
719
719
719
719
719
719
719
719
719
719
719
719
719
719
719
719
719
719
719
719
719
719
719
719
719
719
719
719
719
719
719
719
719
719
719
719
719
719
719
719
719
719
719
719
719
719
719
719
719
719
719
719
719
719
719
719
719
719
719
719
719
719
719
719
719
719
719
719
719
719
719
719
719
719
719
719
719
719
719
719
719
719
719
719
719
719
719
719
719
719
719
719
719
719
719
719
719
719
719
719
719
719
719
719
719
719
719
719
719
719
719
719
719
719
719
719
719
719
719
719
719
719
719
719
719
719
719
719
719
719
719
719
719
719
719
719
719
719
719
719
719
719
719
719
719
719
719
719
719
719
719
719
719
719
719
719
719
719
719
719
719
719
719
719
719
719
719
719
719
719
719
719
719
719
719
719
719
719
719
719
719
719
719
719
719
719
719
719
719
719
719
719
719
719
719
719
719
719
719
719
719
719
719
719
719
719
719
719
719
719
719
719
719
719
719
719
719
719
719
719
719
719
719
719
719
719
719
719
719
719
719
719
719
719
719
719
719
719
719
719
719
719
719
719
719
719
719
719
719
719
719
719
719
719
719
719
719
719
719
719
719
719
719
719
719
719
719
719
719
719
719
719
719
719
719
719
719
719
719
719
719
719
719
719
719
719
719
719
719
719
719
719
719
719
719
719
719
719
719
719
719
719
719
719
719
719
719
719
719
719
719
719
719
719
719
719
719
719
719
719
719
719
719
719
719
719
719
719
719
719
719
719
719
719
719
719
719
719
719
719
719
719
719
719
719
719
719
719
719
719
719
719
719
719
719
719
719
719
719
719
719
719
719
719
719
719
719
719
719
719
719
719
719
719
719
719
719
719
719
719
719
719
719
719
719
719
719
719
719
719
719
719
719
719
719
719
719
719
719
719
719
719
719
719
719
719
719
719
719
719
719
719
719
719
719
719
719
719
719
719
719
719
719
719
719
719
719
719
719
719
719
719
719
719
719
719
719
719
719
719
719
719
719
719
719
719
719
719
719
719
719
719
719
719
719
719
719
719
719
719
719
719
719
719
719
719
719
719
719
719
719
719
719
719
719
719
719
719
719
719
719
719
719
719
719
719
719
719
719
719
719
719
719
719
719
719
719
719
719
719
719
719
719
719
719
719
719
719
719
719
719
719
719
719
719
719
719
719
719
719
719
719
719
719
719
719
719
719
719
719
719
719
719
719
719
719
719
719
719
719
719
719
719
719
719
719
719
719
719
719
719
719
719
719
719
719
719
719
719
719
719
719
719
719
719
719
719
719
719
719
719
719
719
719
719
719
719
719
719
719
719
719
719
719
719
719
719
719
719
719
719
719
719
719
719
719
719
719
719
719
719
719
719
719
719
719
719
719
719
719
719
719
719
719
719
719
719
719
719
719
719
719
719
719
719
719
719
719
719
719
719
719
719
719
719
719
719
719
719
719
719
719
719
719
719
719
719
719
719
719
719
719
719
719
719
719
719
719
719
719
719
719
719
719
719
719
719
719
719
719
719
719
719
719
719
719
719
719
719
719
719
719
719
719
719
719
719
719
719
719
719
719
719
719
719
719
719
719
719
719
719
719
719
719
719
719
719
719
719
719
719
719
719
719
719
719
719
719
719
719
719
719
719
719
719
719
719
719
719
719
719
719
719
719
719
719
719
719
719
719
719
719
719
719
719
719
719
719
719
719
719
719
719
719
719
719
719
719
719
719
719
719
719
719
719
719
719
719
719
719
719
719
719
719
719
719
719
719
719
719
719
719
719
719
719
719
719
719
719
719
719
719
719
719
719
719
719
719
719
719
719
719
719
719
719
719
719
719
719
719
719
719
719
719
719
719
719
719
719
719
719
719
719
719
719
719
719
719
719
719
719
719
719
719
719
719
719
719
719
719
719
719
719
719
719
719
719
719
719
719
719
719
719
719
719
719
719
719
719
719
719
719
719
719
719
719
719
719
719
719
719
719
719
719
719
719
719
719
719
719
719
719
719
719
719
719
719
719
719
719
719
719
719
719
719
719
719
719
719
719
719
719
719
719
719
719
719
719
719
719
719
719
719
719
719
719
719
719
719
719
719
719
719
719
719
719
719
719
719
719
719
719
719
719
719
719
719
719
719
719
719
719
719
719
719
719
719
719
719
719
719
719
719
719
719
719
719
719
719
719
719
719
719
719
719
719
719
719
719
719
719
719
719
719
719
719
719
719
719
719
719
719
719
719
719
719
719
719
719
719
719
719
719
719
719
719
719
719
719
719
719
719
719
719
719
719
719
719
719
719
719
719
719
719
719
719
719
719
719
719
719
719
719
719
719
719
719
719
719
719
719
719
719
719
719
719
719
719
719
719
719
719
719
719
719
719
719
719
719
719
719
719
719
719
719
719
719
719
719
719
719
719
719
719
719
719
719
719
719
719
719
719
719
719
719
719
719
719
719
719
719
719
719
719
719
719
719
719
719
719
719
719
719
719
719
719
719
719
719
719
719
719
719
719
719
719
719
719
719
719
719
719
719
719
719
719
719
719
719
719
719
719
719
719
719
719
719
719
719
719
719
719
719
719
719
719
719
719
719
719
719
719
719
719
719
719
719
719
719
719
719
719
719
719
719
719
719
719
719
719
719
719
719
719
719
719
719
719
719
719
719
719
719
719
719
719
719
719
719
719
719
719
720
720
720
720
720
720
720
720
720
720
720
720
720
720
720
720
720
720
720
720
720
720
720
720
720
720
720
720
720
720
720
720
720
720
720
720
720
720
720
720
720
720
720
720
720
720
720
720
720
720
720
720
720
720
720
720
720
720
720
720
720
720
720
720
720
720
720
720
720
720
720
720
720
720
720
720
720
720
720
720
720
720
720
720
720
720
720
720
720
720
720
720
720
720
720
720
720
720
720
720
720
720
720
720
720
720
720
720
720
720
720
720
720
720
720
720
720
720
720
720
720
720
720
720
720
720
720
720
720
720
720
720
720
720
720
720
720
720
720
720
720
720
720
720
720
720
720
720
720
720
720
720
720
720
720
720
720
720
720
720
720
720
720
720
720
720
720
720
720
720
720
720
720
720
720
720
720
720
720
720
720
720
720
720
720
720
720
720
720
720
720
720
720
720
720
720
720
720
720
720
720
720
720
720
720
720
720
720
720
720
720
720
720
720
720
720
720
720
720
720
720
720
720
720
720
720
720
720
720
720
720
720
720
720
720
720
720
720
720
720
720
720
720
720
720
720
720
720
720
720
720
720
720
720
720
720
720
720
720
720
720
720
720
720
720
720
720
720
720
720
720
720
720
720
720
720
720
720
720
720
720
720
720
720
720
720
720
720
720
720
720
720
720
720
720
720
720
720
720
720
720
720
720
720
720
720
720
720
720
720
720
720
720
720
720
720
720
720
720
720
720
720
720
720
720
720
720
720
720
720
720
720
720
720
720
720
720
720
720
720
720
720
720
720
720
720
720
720
720
720
720
720
720
720
720
720
720
720
720
720
720
720
720
720
720
720
720
720
720
720
720
720
720
720
720
720
720
720
720
720
720
720
720
720
720
720
720
720
720
720
720
720
720
720
720
720
720
720
720
720
720
720
720
720
720
720
720
720
720
720
720
720
720
720
720
720
720
720
720
720
720
720
720
720
720
720
720
720
720
720
720
720
720
721
721
721
721
721
721
721
721
721
721
721
721
721
721
721
721
721
721
721
721
721
721
721
721
721
721
721
721
721
721
721
721
721
721
721
721
721
721
721
721
721
721
721
721
721
721
721
721
721
721
721
721
721
721
721
721
721
721
721
721
721
721
721
721
721
721
721
721
721
721
721
721
721
721
721
721
721
721
721
721
721
721
721
721
721
721
721
721
721
721
721
721
721
721
721
721
721
721
721
721
721
721
721
721
721
721
721
721
721
721
721
721
721
721
721
721
721
721
721
721
721
721
721
721
721
721
721
721
721
721
721
721
721
721
721
721
721
721
721
721
721
721
721
721
721
721
721
721
721
721
721
721
721
721
721
721
721
721
721
721
721
721
721
721
721
721
721
721
721
721
721
721
721
721
721
721
721
721
721
721
721
721
721
721
721
721
721
721
721
721
721
721
721
721
721
721
721
721
721
721
721
721
721
721
721
721
721
721
721
721
721
721
721
721
721
721
721
721
721
721
721
721
721
721
721
721
721
721
721
721
721
721
721
721
721
721
721
721
721
721
721
721
721
721
721
721
721
721
721
721
721
721
721
721
721
721
721
721
721
721
721
721
721
721
721
721
721
721
721
721
721
721
721
721
721
721
721
721
721
721
721
721
721
721
721
721
721
721
721
721
721
721
721
721
721
721
721
721
721
721
721
721
721
721
721
721
721
721
721
721
721
721
721
721
721
721
721
721
721
721
721
721
721
721
721
721
721
721
721
721
721
721
721
721
721
721
721
721
721
721
721
721
721
721
721
721
721
721
721
721
721
721
721
721
721
721
721
721
721
721
721
721
721
721
721
721
721
721
721
721
721
721
721
721
721
721
721
721
721
721
721
721
721
721
721
721
721
721
