-906
-906
-5610
-7254
-10812
-3294
-2400
-1886
-2970
-1620
-9022
-1092
-1948
-4390
-5956
-4248
-994
-1096
-1946
-1162
-2310
-980
-1616
-1950
-940
-1004
-950
-926
-934
-924
-916
-1010
-936
-1448
-922
-930
-914
-920
-920
-1056
-8496
-2508
-1576
-934
-7548
-932
-4888
-930
-924
-1092
-1306
-926
-934
-1074
-1894
-1016
-936
-1138
-926
-934
-934
-932
-932
-932
-942
-932
-1054
-920
-938
-934
-926
-1698
-7858
-1046
-1542
-1722
-944
-926
-1726
-1148
-1162
-1058
-1062
-928
-926
-2786
-932
-1850
-1008
-930
-942
-1090
-1288
-1078
-1076
-926
-942
-932
-2672
-926
-926
-926
-926
-922
-932
-2628
-1046
-932
-928
-3404
-1616
-1816
-922
-4298
-1018
-4804
-926
-930
-934
-932
-922
-926
-5626
-990
-932
-3960
-7794
-928
-930
-934
-936
-938
-2722
-940
-932
-926
-942
-992
-2792
-1012
-3662
-978
-3814
-1040
-1028
-1138
-3644
-936
-4364
-926
-1620
-930
-1664
-916
-926
-922
-918
-926
-934
-4016
-1100
-928
-998
-922
-928
-1480
-932
-1568
-2606
-928
-940
-928
-922
-4050
-938
-930
-934
-932
-930
-926
-1106
-928
-922
-932
-15210
-8418
-928
-928
-1682
-930
-936
-10858
-934
-926
-932
-8870
-4210
-932
-938
-928
-920
-930
-926
-920
-922
-938
-938
-930
-3044
-928
-920
-928
-932
-932
-15896
-3046
-8050
-930
-930
-928
-926
-1498
-2442
-1218
-9120
-920
-928
-930
-928
-1178
-938
-3120
-5654
-932
-922
-7432
-4628
-6038
-944
-924
-942
-1164
-1108
-934
-2152
-940
-936
-928
-4544
-1058
-934
