1627
1627
1964
1973
2076
1893
1859
1761
1867
1760
2022
1692
1768
1939
1965
1919
1664
1694
1767
1727
1829
1655
1759
1769
1653
1673
1654
1643
1646
1641
1635
1686
1647
1747
1639
1645
1632
1638
1635
1650
1701
1646
1623
1642
1582
1642
1685
1641
1637
1648
1659
1639
1645
1648
1665
1649
1645
1634
1637
1638
1639
1642
1637
1640
1642
1637
1643
1637
1639
1638
1636
1661
1716
1643
1658
1660
1643
1638
1658
1661
1661
1634
1651
1640
1640
1607
1640
1614
1631
1635
1638
1648
1653
1630
1645
1638
1637
1642
1643
1638
1637
1631
1637
1638
1638
1677
1679
1642
1643
1681
1619
1660
1638
1687
1648
1601
1643
1641
1641
1638
1634
1639
1593
1637
1643
1694
1610
1642
1640
1642
1640
1646
1668
1642
1643
1640
1639
1636
1608
1631
1674
1632
1601
1654
1660
1659
1636
1643
1596
1639
1624
1644
1664
1633
1641
1638
1637
1643
1640
1629
1659
1638
1643
1637
1641
1624
1637
1712
1763
1643
1639
1640
1637
1601
1643
1640
1636
1641
1641
1639
1648
1638
1638
1638
1724
1553
1644
1638
1659
1644
1643
1643
1643
1642
1643
1581
1599
1642
1640
1639
1637
1638
1635
1634
1635
1641
1644
1642
1608
1637
1635
1638
1640
1640
1723
1713
1823
1637
1642
1638
1637
1679
1729
1630
1579
1634
1639
1636
1642
1653
1640
1757
1668
1643
1638
1587
1595
1639
1642
1638
1642
1666
1670
1646
1679
1644
1642
1637
1595
1650
1641
