688
-7570
-7643
185
-4328
-2219
-1212
180
533
-760
480
-4025
-121
-4809
536
436
593
161
2
542
639
531
677
212
-433
639
679
535
654
677
668
571
619
668
615
677
679
669
674
640
676
677
685
676
544
669
676
639
678
677
675
273
620
537
551
658
-1003
672
-7995
-11106
655
660
53
676
-1239
462
574
660
664
514
611
461
-522
-3923
670
306
650
589
646
633
662
587
-584
-774
677
659
658
652
657
-1219
641
-513
662
280
-1636
190
308
647
-8950
107
136
636
664
-1052
526
183
563
-1029
126
515
665
-9043
519
-401
-43
527
657
655
642
-2186
619
-4501
659
639
651
639
551
636
676
-3628
-1197
-7849
606
641
61
648
287
-3848
621
-1102
-2625
518
650
618
-187
648
-6201
387
591
196
-1755
655
532
662
653
615
662
349
-1666
657
658
581
635
658
645
636
-1563
-9257
646
635
635
-6643
658
-10241
617
618
326
-136
-6380
655
635
638
628
633
653
-1387
675
-3286
329
639
413
663
-1244
649
653
-1046
668
-4011
591
628
645
-4582
629
653
657
-67
-419
606
529
-6748
643
594
-109
-335
-851
317
540
624
674
679
-10959
593
205
602
642
539
672
238
-221
630
-6617
672
669
654
603
-306
-142
636
193
-4475
648
628
590
-6328
-333
637
622
89
-127
657
-2583
