-986
-9556
-9634
-1656
-6288
-4160
-3146
-1676
-1242
-2688
-1316
-5972
-2016
-6770
-1216
-1374
-1146
-1700
-1870
-1226
-1088
-1240
-1022
-1620
-2352
-1090
-1008
-1218
-1064
-1018
-1044
-1172
-1114
-1048
-1122
-1006
-998
-1046
-1034
-1092
-1016
-1028
-990
-1026
-1222
-1040
-1020
-1080
-1010
-1014
-1032
-1420
-1074
-1186
-1152
-1044
-2724
-1028
-9624
-12734
-1046
-1040
-1630
-1014
-2918
-1238
-1142
-1036
-1032
-1194
-1094
-1232
-2204
-5666
-1008
-1384
-1050
-1114
-1052
-1064
-1032
-1136
-2346
-2452
-1014
-1054
-1048
-1044
-1038
-2946
-1052
-2188
-1036
-1436
-3360
-1564
-1436
-1054
-10580
-1600
-1580
-1064
-1032
-2802
-1198
-1550
-1166
-2766
-1616
-1164
-1026
-10696
-1196
-2122
-1726
-1156
-1036
-1050
-1058
-3842
-1084
-6154
-1046
-1060
-1052
-1062
-1152
-1070
-1010
-5392
-2874
-9508
-1110
-1068
-1614
-1054
-1398
-5490
-1078
-2764
-4332
-1194
-1058
-1082
-1862
-1056
-7918
-1326
-1118
-1596
-3544
-1050
-1178
-1036
-1050
-1090
-1040
-1404
-3412
-1034
-1044
-1130
-1066
-1040
-1052
-1064
-3292
-11040
-1076
-1066
-1066
-8270
-1044
-11878
-1096
-1106
-1400
-1862
-8028
-1070
-1068
-1062
-1072
-1056
-1042
-3064
-1028
-5028
-1362
-1062
-1280
-1034
-2918
-1050
-1050
-2748
-1036
-5702
-1102
-1072
-1066
-6238
-1076
-1036
-1050
-1742
-2148
-1110
-1184
-8514
-1056
-1124
-1846
-2144
-2630
-1394
-1162
-1082
-1034
-1014
-12580
-1108
-1514
-1112
-1072
-1150
-1020
-1502
-2052
-1064
-8368
-1014
-1016
-1050
-1098
-2068
-1962
-1072
-1498
-6132
-1058
-1074
-1108
-8170
-2096
-1068
-1104
-1694
-1882
-1034
-4234
