1674
1986
1991
1841
1960
1941
1934
1856
1775
1928
1796
1947
1895
1961
1752
1810
1739
1861
1872
1768
1727
1771
1699
1832
1919
1729
1687
1753
1718
1695
1712
1743
1733
1716
1737
1683
1677
1715
1708
1732
1692
1705
1675
1702
1766
1709
1696
1719
1688
1691
1707
1693
1694
1723
1703
1702
1721
1700
1629
1628
1701
1700
1683
1690
1679
1700
1716
1696
1696
1708
1705
1693
1682
1743
1678
1690
1700
1703
1698
1697
1694
1723
1762
1678
1691
1713
1706
1696
1695
1727
1693
1675
1698
1716
1724
1754
1744
1701
1630
1707
1716
1700
1696
1750
1724
1733
1729
1737
1742
1679
1691
1653
1715
1721
1683
1683
1693
1705
1700
1656
1703
1653
1705
1699
1703
1701
1703
1706
1686
1764
1677
1659
1716
1709
1675
1702
1685
1642
1699
1662
1707
1712
1708
1700
1675
1704
1717
1713
1709
1792
1789
1705
1710
1698
1703
1705
1702
1753
1746
1691
1702
1711
1701
1698
1697
1700
1729
1783
1722
1701
1701
1627
1702
1637
1713
1724
1726
1726
1648
1725
1703
1700
1700
1689
1695
1677
1703
1742
1691
1701
1693
1697
1674
1699
1703
1702
1704
1691
1693
1700
1711
1656
1705
1689
1707
1675
1729
1716
1713
1766
1699
1718
1737
1809
1779
1711
1702
1706
1708
1693
1621
1701
1719
1714
1714
1689
1692
1740
1831
1694
1751
1686
1685
1704
1701
1762
1820
1708
1691
1657
1706
1702
1698
1842
1763
1705
1726
1783
1755
1691
1651
