579
579
-788
-1095
-874
-5388
7
-1156
234
9
7
-335
-523
348
-5150
189
-1470
308
190
-869
-326
383
8
349
190
273
353
-778
416
336
377
418
418
417
416
396
411
407
402
-1842
-2880
401
407
406
415
-6062
403
-18223
-265
362
228
415
419
-101
407
400
-2445
402
-5800
-1955
-1839
-866
137
390
407
419
397
410
407
-449
310
333
-14329
410
411
-7644
-2312
414
396
411
403
387
379
-1363
-1933
-647
-738
377
397
-3256
-2326
-2063
409
-1608
405
415
411
225
413
-5053
-288
407
402
413
408
-12626
-745
-5725
414
382
-293
353
-2238
-208
-1136
396
-20
412
409
416
412
-8681
415
-2091
-1186
305
408
401
-5579
404
392
397
412
375
-515
-510
-423
416
407
399
395
392
393
413
-2359
-327
410
-1879
-1946
-823
-1494
406
411
383
322
414
411
366
381
398
-1182
-1932
406
363
405
400
244
416
413
399
407
-3591
-20164
410
406
-2587
408
417
416
416
415
357
348
-1735
-13975
-1173
-4854
114
45
410
405
415
420
-1668
-84
-4640
107
-9183
409
410
406
-561
-399
-1024
405
382
366
-268
-253
-11074
414
-7225
-14995
-14651
178
411
-508
413
414
408
413
44
-5663
409
407
-4391
416
386
392
-16
379
379
217
404
416
-14200
407
365
416
408
400
-1497
-425
406
412
413
411
-3709
374
-1352
-8787
