1829
1829
2244
2251
2250
2288
2167
2256
2148
2165
2181
2187
2241
2128
2280
2157
2266
2132
2156
2249
2186
2119
2172
2127
2154
2143
2125
2242
2110
2130
2121
2104
2108
2109
2112
2118
2113
2115
2116
2188
2160
2113
2111
2104
2107
2058
2111
2089
2143
2104
2094
2109
2109
2125
2113
2106
2149
2106
2050
2193
2175
2158
2119
2112
2109
2107
2113
2108
2111
2097
2118
2123
2029
2110
2109
1934
1980
2108
2112
2109
2113
2109
2113
2081
2071
1975
1966
2111
2111
2190
2164
2081
2109
2142
2111
2105
2107
2093
2109
2099
2124
2109
2112
2107
2108
2046
2155
2083
2108
2110
2129
2117
2148
2100
2082
2108
2092
2110
2107
2110
2110
2047
2107
2175
2196
2103
2108
2109
2163
2110
2116
2113
2108
2113
2135
2150
2147
2104
2109
2111
2109
2116
2115
2105
2073
2129
2104
1957
1980
2027
1960
2110
2109
2109
2100
2108
2109
2106
2111
2110
2082
2072
2110
2117
2105
2108
2116
2106
2109
2109
2109
2061
2060
2110
2110
2067
2106
2105
2106
2104
2107
2107
2102
1953
1917
1971
1926
2134
2131
2110
2109
2109
2108
2096
2112
2056
2095
2045
2111
2108
2108
2135
2129
2084
2111
2114
2124
2142
2133
2034
2108
2051
2021
2023
2142
2111
2088
2107
2104
2108
2107
2130
2157
2113
2105
2053
2106
2114
2114
2088
2109
2113
2121
2112
2108
1988
2109
2113
2106
2108
2108
2199
2153
2112
2112
2109
2107
2071
2124
2088
2027
