-1250
-1250
-3032
-3346
-3124
-7676
-2160
-3412
-1914
-2156
-2174
-2522
-2764
-1780
-7430
-1968
-3736
-1824
-1966
-3118
-2512
-1736
-2164
-1778
-1964
-1870
-1772
-3020
-1694
-1794
-1744
-1686
-1690
-1692
-1696
-1722
-1702
-1708
-1714
-4030
-5040
-1712
-1704
-1698
-1692
-8120
-1708
-20312
-2408
-1742
-1866
-1694
-1690
-2226
-1706
-1706
-4594
-1704
-7850
-4148
-4014
-3024
-1982
-1722
-1702
-1688
-1716
-1698
-1704
-2546
-1808
-1790
-16358
-1700
-1698
-9578
-4292
-1694
-1716
-1698
-1710
-1722
-1734
-3444
-4004
-2622
-2704
-1734
-1714
-5446
-4490
-4144
-1700
-3750
-1706
-1690
-1696
-1868
-1696
-7152
-2412
-1702
-1710
-1694
-1700
-14672
-2900
-7808
-1694
-1728
-2422
-1764
-4386
-2308
-3218
-1712
-2112
-1698
-1698
-1694
-1698
-10728
-1692
-4266
-3382
-1798
-1700
-1708
-7742
-1706
-1724
-1716
-1696
-1738
-2650
-2660
-2570
-1688
-1702
-1712
-1714
-1724
-1722
-1692
-4432
-2456
-1694
-3836
-3926
-2850
-3454
-1704
-1698
-1726
-1778
-1694
-1698
-1740
-1730
-1712
-3264
-4004
-1704
-1754
-1700
-1708
-1872
-1690
-1696
-1710
-1702
-5652
-22224
-1700
-1704
-4654
-1698
-1688
-1690
-1688
-1692
-1750
-1754
-3688
-15892
-3144
-6780
-2020
-2086
-1700
-1704
-1694
-1688
-3764
-2196
-6696
-1988
-11228
-1702
-1698
-1702
-2696
-2528
-3108
-1706
-1732
-1758
-2410
-2386
-13108
-1694
-9276
-17016
-16674
-1964
-1700
-2596
-1694
-1690
-1700
-1694
-2086
-7820
-1704
-1698
-6444
-1690
-1728
-1722
-2104
-1730
-1734
-1904
-1708
-1692
-16188
-1702
-1748
-1690
-1700
-1708
-3696
-2578
-1706
-1700
-1696
-1696
-5780
-1750
-3440
-10814
