-28776
-21788
-21464
-21464
-15078
-15078
-15078
-15078
-15078
-14486
-14486
-12482
-11274
-11274
-10592
-9400
-9400
-9400
-9400
-8678
-7676
-7676
-7676
-7676
-7676
-7528
-6978
-6978
-6922
-6922
-6922
-6922
-6922
-6922
-6770
-6588
-6584
-6512
-6280
-6280
-6220
-6220
-6194
-6104
-6104
-6104
-5896
-5834
-5834
-5834
-5834
-5834
-5704
-5704
-5662
-5662
-5618
-5618
-5612
-5588
-5568
-5568
-5568
-5562
-5562
-5550
-5532
-5492
-5492
-5418
-5394
-5394
-5394
-5394
-5358
-5358
-5358
-5346
-5322
-5322
-5318
-5256
-5256
-5230
-5230
-5194
-5190
-5168
-5168
-5168
-5168
-5168
-5152
-5132
-5130
-5130
-5130
-5124
-5114
-5110
-5108
-5106
-5100
-5100
-5100
-5096
-5096
-5096
-5096
-5088
-5088
-5088
-5088
-5088
-5088
-5086
-5086
-5086
-5086
-5084
-5084
-5074
-5074
-5074
-5072
-5072
-5058
-5058
-5058
-5058
-5046
-5040
-5032
-5032
-5032
-5032
-5022
-5022
-5014
-5014
-5012
-5012
-5002
-5002
-4978
-4978
-4978
-4978
-4978
-4978
-4974
-4972
-4972
-4968
-4968
-4968
-4968
-4968
-4962
-4960
-4948
-4948
-4942
-4940
-4934
-4934
-4934
-4934
-4930
-4930
-4930
-4930
-4928
-4926
-4926
-4926
-4926
-4926
-4926
-4918
-4918
-4912
-4912
-4912
-4912
-4912
-4912
-4912
-4906
-4906
-4906
-4906
-4906
-4906
-4904
-4904
-4904
-4904
-4900
-4900
-4900
-4888
-4888
-4888
-4888
-4884
-4882
-4882
-4882
-4882
-4876
-4876
-4874
-4874
-4864
-4864
-4856
-4856
-4856
-4856
-4854
-4854
-4854
-4854
-4846
-4846
-4846
-4846
-4846
-4844
-4844
-4844
-4844
-4844
-4842
-4840
-4840
-4840
-4840
-4840
-4838
-4836
-4836
-4832
-4832
-4832
-4832
-4830
-4824
-4824
-4818
-4818
-4816
-4810
-4808
-4800
-4800
-4800
-4800
-4800
-4800
-4800
-4794
-4794
-4792
-4792
-4792
-4792
-4792
-4792
-4792
-4792
-4792
-4792
-4786
-4786
-4786
-4786
-4780
-4780
-4780
-4774
-4774
-4774
-4774
-4774
-4774
-4774
-4774
-4772
-4770
-4768
-4768
-4768
-4768
-4768
-4768
-4764
-4764
-4764
-4764
-4764
-4764
-4760
-4760
-4756
-4756
-4756
-4756
-4752
-4752
-4752
-4740
-4740
-4740
-4740
-4736
-4736
-4736
-4736
-4736
-4724
-4724
-4724
-4724
-4724
-4724
-4724
-4724
-4720
-4720
-4720
-4720
-4720
-4720
-4700
-4696
-4696
-4696
-4694
-4694
-4690
-4690
-4690
-4690
-4688
-4688
-4684
-4684
-4684
-4684
-4678
-4678
-4678
-4678
-4678
-4676
-4676
-4676
-4670
-4670
-4666
-4666
-4666
-4654
-4654
-4654
-4650
-4650
-4650
-4650
-4650
-4650
-4646
-4646
-4646
-4646
-4642
-4642
-4642
-4642
-4642
-4642
-4642
-4642
-4634
-4634
-4634
-4634
-4634
-4634
-4634
-4634
-4634
-4634
-4634
-4634
-4634
-4634
-4628
-4628
-4628
-4628
-4628
-4628
-4626
-4626
-4626
-4626
-4620
-4620
-4620
-4620
-4616
-4616
-4616
-4614
-4614
-4610
-4610
-4610
-4608
-4608
-4608
-4608
-4608
-4608
-4606
-4604
-4604
-4604
-4604
-4604
-4602
-4602
-4600
-4598
-4598
-4598
-4596
-4586
-4584
-4584
-4580
-4576
-4572
-4572
-4572
-4572
-4572
-4572
-4572
-4572
-4572
-4572
-4572
-4572
-4568
-4568
-4568
-4564
-4564
-4564
-4564
-4564
-4564
-4564
-4564
-4564
-4562
-4560
-4560
-4558
-4556
-4556
-4556
-4554
-4548
-4548
-4544
-4544
-4544
-4542
-4542
-4540
-4540
-4540
-4540
-4540
-4540
-4540
-4540
-4540
-4536
-4536
-4536
-4536
-4536
-4536
-4536
-4536
-4536
-4532
-4532
-4532
-4532
-4532
-4532
-4532
-4530
-4530
-4528
-4528
-4528
-4528
-4526
-4526
-4524
-4524
-4524
-4524
-4524
-4522
-4522
-4522
-4518
-4518
-4518
-4518
-4518
-4518
-4506
-4506
-4506
-4506
-4506
-4506
-4500
-4500
-4500
-4500
-4500
-4500
-4500
-4500
-4500
-4500
-4500
-4500
-4500
-4500
-4488
-4488
-4488
-4488
-4488
-4488
-4488
-4488
-4488
-4486
-4486
-4482
-4478
-4478
-4478
-4470
-4470
-4466
-4462
-4458
-4458
-4458
-4458
-4456
-4454
-4454
-4454
-4454
-4452
-4452
-4452
-4452
-4452
-4448
-4448
-4448
-4448
-4448
-4448
-4448
-4446
-4446
-4446
-4446
-4446
-4444
-4444
-4444
-4444
-4442
-4442
-4442
-4442
-4442
-4442
-4442
-4442
-4438
-4438
-4438
-4438
-4438
-4438
-4436
-4434
-4434
-4434
-4434
-4432
-4432
-4432
-4432
-4432
-4428
-4428
-4428
-4424
-4424
-4424
-4422
-4412
-4412
-4412
-4412
-4410
-4410
-4410
-4410
-4410
-4410
-4410
-4410
-4410
-4410
-4410
-4398
-4398
-4398
-4398
-4398
-4398
-4392
-4392
-4392
-4392
-4392
-4392
-4392
-4390
-4390
-4390
-4384
-4384
-4384
-4384
-4384
-4384
-4384
-4384
-4384
-4384
-4384
-4384
-4380
-4380
-4380
-4380
-4380
-4380
-4380
-4380
-4380
-3136
-1646
-1642
-1642
-1642
-1642
-1642
-1642
-1642
-1642
-1642
-1642
-1642
-1642
-1642
-1642
-1642
-1642
-1642
-1642
-1638
-1638
-1638
-1638
-1638
-1638
-1638
-1638
-1638
-1638
-1638
-1638
-1638
-1638
-1638
-1636
-1636
-1636
-1636
-1636
-1636
-1636
-1632
-1632
-1632
-1632
-1632
-1632
-1632
-1632
-1632
-1632
-1632
-1632
-1632
-1632
-1632
-1632
-1632
-1632
-1632
-1632
-1632
-1632
-1632
-1632
-1632
-1632
-1628
-1628
-1628
-1628
-1628
-1628
-1628
-1628
-1626
-1626
-1626
-1626
-1626
-1626
-1626
-1626
-1626
-1626
-1626
-1626
-1626
-1426
-1426
-1426
-1426
-1426
-1426
-1426
-1424
-1424
-1424
-1424
-1424
-1424
-1424
-1424
-1424
-1424
-1424
-1424
-1424
-1424
-1424
-1424
-1424
-1424
-1424
-1424
-1424
-1424
-1424
-1424
-1204
-1204
-1204
-1204
-1204
-1204
-1204
-1204
-1192
-1192
-1192
-1192
-1192
-1192
-808
-808
-808
-808
-808
-804
-804
-804
-804
-804
-804
-804
-804
-804
-804
-804
-804
-804
-804
-804
-804
-804
-804
-804
-804
-804
-804
-804
-804
-804
-804
-804
-804
-804
-804
-804
-804
-804
-804
-804
-804
-804
-804
-798
-798
-798
-798
-792
-792
-792
-792
-792
-792
-792
-792
-792
-792
-792
-792
-792
-792
-792
-792
-792
-792
654
654
654
654
654
654
654
654
654
654
654
654
654
654
654
654
654
654
654
654
654
654
654
662
662
662
662
662
662
662
662
662
666
666
666
838
838
842
842
842
842
842
842
842
1298
2474
2474
2474
2474
2474
2474
2474
2474
2486
2486
2486
2486
2486
2486
2486
2486
2486
2486
2486
2486
2486
2486
2488
2488
2488
2488
2488
2488
2488
2488
2488
2488
2488
2488
2488
2488
2488
2488
2496
2496
2496
2498
2498
2498
2498
2498
2498
2498
2498
2498
2510
2510
2510
2510
2510
2510
2510
2510
2510
2510
2510
2514
2514
2514
2520
2520
2520
2520
2520
2520
2856
2856
2856
2856
2856
2860
2860
2860
2860
2860
2860
2860
2860
2860
2860
2860
2860
2860
2860
2860
2860
2860
2860
2860
2860
2860
2860
2860
2860
2860
2984
2984
2984
2984
2984
2984
2984
2984
2984
2984
2984
2984
2984
2984
2984
2984
2984
2984
2984
2984
2984
2984
2984
2984
2984
2984
2984
2988
2988
2988
2988
2988
2988
2988
2988
2988
2988
2988
2988
2988
2988
2988
2988
2988
2988
2988
2988
2988
2988
3008
3008
3008
3008
3008
3008
3008
3008
3008
3008
3008
3008
3008
3008
3008
3008
3008
3008
3012
3012
3012
3012
3012
3012
3012
3012
3012
3012
3012
3172
3172
3172
3172
3174
3174
3174
3174
3174
3174
3174
3174
3174
3174
3174
3174
3174
3176
3176
3176
3176
3176
3176
3176
3176
3176
3176
3176
3176
3176
3176
3176
3176
3176
3176
3176
3176
3176
3176
3176
3176
3180
3180
3180
3180
3180
3188
3188
3188
3188
3188
3188
3188
3188
3188
3188
3188
3188
3188
3188
3188
3188
3188
3188
3200
3200
3200
3200
3200
3200
3200
3200
3200
3200
3200
3200
3200
3200
3200
3204
3204
3204
3204
3204
4136
4136
4136
4136
4136
4136
4136
4136
4136
4136
4136
4136
4136
4136
4136
4136
4136
4138
4138
4138
4138
4138
4138
4138
4138
4138
4138
4138
4138
4138
4138
4138
4138
4138
4138
4138
4138
4138
4138
4138
4138
4138
4138
4138
4138
4138
4138
4138
4138
4138
4138
4138
4138
4142
4142
4144
4144
4148
4148
4148
4148
4148
4148
4148
4148
4148
4148
4148
4148
4148
4148
4148
4148
4148
4148
4148
4154
4154
4154
4154
4154
4154
4154
4154
4154
4154
4154
4154
4154
4154
4154
4154
4154
4154
4154
4162
4162
4162
4162
4162
4162
4162
4162
4162
4162
4162
4162
4292
4462
4462
4660
4660
4660
4660
4660
4660
4660
4660
4660
4660
4660
4660
4660
4660
4776
4776
4784
4876
4902
4902
5008
5052
5060
5160
5160
5160
5160
5160
5160
5160
5160
5160
5160
5244
5248
5248
5248
5368
5376
5376
5440
5464
5464
5464
5464
5464
5464
5464
5464
5464
5464
5478
5478
5486
5486
5486
5486
5500
5500
5500
5500
5500
5500
5502
5530
5530
5548
5548
5548
5548
5548
5558
5558
5558
5558
5558
5558
5566
5566
5566
5566
5566
5566
5568
5568
5570
5572
5578
5582
5582
5582
5586
5586
5598
5598
5646
5646
5646
5662
5662
5662
5662
5666
5670
5670
5670
5670
5678
5678
5678
5678
5678
5678
5684
5696
5696
5696
5696
5702
5702
5704
5712
5722
5722
5722
5728
5728
5730
5730
5730
5732
5744
5744
5752
5756
5768
5768
5768
5768
5778
5778
5778
5778
5782
5782
5790
5790
5790
5798
5798
5798
5802
5802
5806
5806
5806
5806
5806
5814
5816
5820
5822
5822
5826
5826
5826
5826
5826
5826
5838
5838
5838
5838
5838
5838
5838
5838
5838
5838
5838
5838
5842
5842
5842
5842
5842
5842
5842
5846
5846
5846
5846
5846
5854
5854
5854
5854
5864
5864
5866
5872
5872
5872
5872
5884
5884
5894
5894
5894
5894
5894
5894
5894
5894
5894
5894
5894
5900
5900
5900
5900
5900
5900
5900
5900
5900
5900
5904
5904
5904
5904
5912
5912
5912
5912
5912
5912
5912
5912
5916
5916
5916
5916
5920
5920
5920
5920
5920
5924
5924
5926
5926
5934
5934
5934
5934
5936
5938
5938
5938
5938
5942
5942
5942
5942
5946
5946
5946
5946
5948
5948
5948
5954
5958
5958
5960
5966
5966
5966
5972
5972
5972
5972
5976
5976
5976
5976
5976
5978
5978
5978
5978
5978
5982
5984
5992
5994
6000
6002
6002
6006
6006
6006
6010
6010
6010
6010
6010
6010
6010
6010
6014
6018
6018
6018
6018
6018
6018
6018
6018
6022
6022
6022
6022
6022
6022
6022
6022
6022
6022
6024
6024
6024
6024
6024
6024
6024
6024
6024
6024
6024
6024
6024
6024
6024
6024
6024
6028
6028
6028
6032
6032
6032
6032
6032
6032
6032
6032
6034
6034
6034
6036
6036
6038
6038
6038
6038
6040
6042
6046
6046
6046
6046
6046
6046
6046
6048
6048
6048
6050
6050
6050
6052
6052
6052
6052
6052
6052
6052
6052
6052
6052
6052
6052
6058
6058
6058
6058
6058
6058
6058
6058
6058
6060
6060
6060
6060
6062
6062
6076
6076
6076
6076
6078
6078
6078
6078
6078
6078
6078
6078
6078
6078
6082
6082
6082
6082
6082
6082
6082
6088
6088
6088
6088
6088
6088
6088
6088
6088
6088
6088
6088
6088
6090
6090
6090
6090
6090
6090
6090
6094
6094
6094
6098
6102
6102
6102
6110
6110
6110
6110
6110
6110
6110
6110
6110
6110
6110
6110
6110
6110
6110
6110
6110
6110
6110
6110
6110
6110
6110
6110
6114
6114
6114
6122
6122
6126
6126
6126
6126
6130
6130
6130
6130
6130
6132
6132
6132
6132
6134
6134
6134
6134
6136
6136
6136
6138
6138
6140
6140
6140
6140
6140
6140
6146
6148
6148
6152
6152
6154
6154
6154
6154
6154
6154
6154
6154
6154
6154
6160
6162
6162
6162
6162
6162
6164
6164
6164
6164
6164
6168
6168
6170
6170
6170
6170
6172
6172
6172
6174
6174
6174
6176
6182
6182
6182
6186
6186
6186
6186
6186
6186
6192
6192
6192
6192
6192
6192
6192
6192
6192
6194
6196
6196
6196
6196
6196
6200
6200
6200
6200
6200
6204
6206
6206
6206
6206
6206
6206
6206
6208
6208
6208
6210
6210
6210
6210
6210
6210
6210
6210
6212
6212
6212
6212
6216
6216
6224
6224
6224
6224
6224
6232
6232
6232
6232
6232
6232
6232
6232
6232
6232
6232
6232
6232
6232
6232
6232
6232
6232
6232
6232
6232
6232
6232
6232
6232
6232
6232
6232
6232
6232
6236
6236
6236
6236
6236
6236
6236
6242
6242
6244
6246
6246
6248
6248
6248
6250
6254
6254
6254
6254
6254
6254
6254
6254
6254
6254
6254
6254
6258
6258
6258
6258
6258
6258
6270
6270
6274
6276
6276
6276
6276
6276
6278
6278
6280
6280
6280
6286
6286
6288
6288
6288
6288
6288
6288
6288
6288
6288
6288
6288
6288
6288
6290
6290
6290
6290
6290
6290
6290
6290
6290
6290
6294
6294
6296
6296
6296
6300
6300
6300
6300
6300
6302
6302
6302
6302
6302
6306
6306
6308
6308
6308
6310
6310
6310
6312
6312
6312
6312
6312
6316
6316
6316
6316
6318
6320
6322
6322
6322
6322
6326
6326
6326
6326
6330
6330
6330
6330
6330
6330
6330
6330
6330
6330
6330
6334
6334
6334
6334
6334
6334
6334
6334
6334
6334
6334
6334
6334
6334
6334
6334
6336
6336
6336
6336
6336
6336
6336
6336
6336
6336
6336
6336
6336
6336
6336
6336
6336
6336
6336
6338
6338
6338
6338
6338
6340
6340
6340
6340
6340
6340
6342
6342
6342
6342
6344
6346
6346
6346
6346
6346
6348
6348
6350
6350
6350
6350
6350
6350
6350
6350
6350
6352
6352
6352
6358
6358
6358
6358
6358
6358
6358
6358
6358
6358
6358
6358
6358
6358
6358
6358
6358
6358
6358
6358
6358
6358
6358
6358
6366
6366
6366
6366
6366
6366
6366
6366
6366
6366
6366
6366
6366
6366
6366
6366
6366
6370
6370
6370
6370
6374
6374
6374
6374
6374
6378
6378
6378
6378
6378
6378
6378
6378
6380
6380
6380
6380
6384
6384
6384
6384
6384
6384
6384
6384
6384
6384
6384
6384
6386
6386
6386
6388
6388
6390
6392
6392
6392
6392
6394
6394
6394
6394
6394
6394
6394
6394
6394
6394
6394
6394
6396
6396
6396
6396
6402
6404
6404
6404
6404
6404
6404
6404
6404
6404
6404
6412
6412
6412
6412
6412
6412
6414
6414
6414
6414
6414
6414
6416
6420
6422
6422
6422
6422
6422
6422
6422
6424
6424
6432
6432
6432
6432
6436
6436
6436
6436
6436
6436
6436
6438
6438
6444
6444
6444
6444
6444
6446
6446
6446
6446
6446
6446
6446
6446
6446
6446
6446
6446
6446
6450
6450
6450
6450
6450
6450
6450
6450
6450
6450
6450
6452
6452
6454
6454
6454
6454
6454
6454
6454
6454
6454
6454
6454
6454
6454
6454
6454
6454
6454
6454
6454
6454
6454
6454
6456
6458
6458
6460
6460
6460
6460
6460
6460
6462
6462
6464
6468
6468
6472
6472
6472
6474
6474
6474
6474
6474
6474
6474
6474
6474
6474
6476
6476
6476
6476
6476
6478
6478
6478
6480
6480
6480
6480
6480
6480
6480
6480
6480
6480
6482
6482
6482
6482
6482
6482
6482
6482
6482
6482
6482
6482
6482
6482
6482
6482
6482
6482
6482
6482
6482
6482
6482
6482
6482
6482
6484
6484
6484
6484
6484
6484
6484
6484
6484
6488
6488
6492
6492
6492
6492
6492
6492
6492
6492
6492
6492
6492
6492
6492
6492
6492
6492
6492
6492
6494
6494
6494
6494
6494
6494
6494
6494
6494
6494
6494
6496
6496
6496
6496
6496
6498
6498
6500
6500
6500
6504
6504
6504
6504
6504
6504
6504
6506
6506
6506
6508
6508
6508
6510
6510
6510
6510
6510
6510
6510
6512
6512
6512
6514
6514
6514
6514
6514
6514
6514
6514
6514
6514
6514
6514
6518
6518
6518
6518
6518
6518
6518
6518
6518
6518
6518
6518
6518
6518
6518
6518
6518
6518
6518
6518
6518
6518
6518
6518
6518
6518
6518
6518
6518
6518
6518
6518
6518
6518
6518
6518
6520
6522
6522
6524
6524
6524
6524
6524
6524
6526
6526
6526
6528
6528
6528
6528
6528
6528
6528
6528
6528
6528
6530
6530
6530
6530
6532
6532
6532
6532
6532
6532
6532
6532
6536
6536
6536
6536
6536
6536
6536
6536
6536
6536
6536
6536
6536
6536
6538
6538
6538
6542
6542
6542
6542
6542
6542
6542
6542
6542
6542
6548
6548
6548
6548
6548
6550
6550
6550
6552
6552
6552
6552
6552
6552
6552
6552
6552
6554
6554
6554
6554
6554
6554
6554
6554
6554
6554
6558
6558
6558
6558
6558
6558
6558
6558
6560
6560
6560
6560
6560
6560
6560
6562
6562
6562
6564
6564
6566
6566
6566
6566
6568
6568
6568
6568
6568
6568
6568
6568
6568
6568
6570
6570
6570
6572
6572
6572
6572
6572
6572
6572
6572
6574
6574
6574
6574
6574
6576
6576
6576
6576
6576
6576
6576
6578
6580
6582
6582
6582
6582
6582
6582
6582
6582
6582
6582
6584
6584
6588
6588
6588
6588
6588
6588
6588
6588
6588
6588
6588
6588
6590
6596
6596
6596
6596
6596
6598
6598
6602
6602
6604
6606
6606
6606
6606
6606
6606
6610
6610
6610
6610
6610
6610
6610
6610
6610
6610
6610
6610
6610
6610
6610
6610
6612
6612
6612
6612
6614
6614
6614
6614
6616
6616
6616
6616
6616
6620
6620
6622
6622
6624
6624
6624
6624
6624
6624
6624
6624
6624
6624
6624
6624
6624
6624
6624
6624
6624
6624
6624
6626
6626
6626
6626
6626
6626
6626
6626
6626
6626
6626
6626
6626
6626
6626
6626
6626
6626
6626
6626
6630
6630
6630
6630
6630
6630
6630
6632
6632
6632
6632
6632
6632
6634
6636
6636
6636
6636
6638
6638
6638
6638
6640
6640
6640
6640
6642
6642
6642
6644
6644
6644
6644
6644
6644
6644
6646
6646
6646
6646
6648
6648
6648
6648
6648
6650
6650
6650
6650
6652
6652
6654
6654
6656
6656
6656
6658
6658
6658
6658
6660
6660
6660
6660
6660
6660
6660
6660
6660
6660
6660
6662
6662
6662
6662
6662
6662
6666
6666
6666
6666
6668
6668
6668
6668
6668
6668
6668
6668
6668
6668
6668
6672
6672
6672
6674
6674
6674
6674
6674
6678
6680
6680
6680
6680
6680
6680
6680
6680
6680
6680
6680
6680
6680
6680
6680
6680
6680
6680
6680
6680
6680
6680
6682
6682
6682
6682
6682
6682
6682
6682
6682
6682
6682
6682
6688
6688
6688
6690
6690
6690
6690
6690
6690
6690
6690
6690
6690
6690
6690
6690
6690
6690
6692
6692
6692
6692
6692
6692
6692
6692
6692
6692
6692
6692
6692
6692
6692
6692
6692
6692
6692
6692
6692
6692
6694
6694
6694
6694
6694
6694
6694
6698
6698
6698
6698
6698
6698
6698
6698
6700
6700
6700
6700
6700
6700
6700
6702
6704
6704
6704
6704
6704
6704
6706
6706
6706
6706
6706
6706
6706
6706
6706
6706
6706
6706
6706
6706
6706
6706
6706
6706
6708
6708
6708
6708
6708
6708
6708
6708
6708
6710
6710
6710
6712
6714
6714
6714
6714
6714
6714
6714
6714
6714
6714
6714
6720
6720
6720
6720
6720
6720
6720
6720
6720
6722
6722
6722
6722
6722
6722
6722
6722
6724
6724
6724
6726
6726
6726
6726
6726
6726
6726
6728
6728
6728
6728
6728
6728
6728
6728
6728
6728
6732
6732
6732
6736
6736
6736
6736
6736
6736
6736
6736
6736
6736
6736
6736
6736
6736
6736
6736
6736
6736
6736
6736
6736
6740
6740
6740
6740
6740
6742
6746
6746
6746
6746
6746
6746
6746
6746
6746
6748
6748
6752
6752
6752
6752
6754
6754
6754
6754
6756
6756
6756
6756
6756
6756
6758
6760
6760
6760
6762
6762
6764
6764
6764
6766
6766
6768
6770
6772
6778
6778
6778
6778
6780
6780
6780
6780
6780
6780
6780
6782
6782
6782
6782
6782
6782
6782
6782
6782
6782
6784
6784
6784
6784
6786
6786
6786
6786
6786
6786
6788
6788
6788
6788
6788
6788
6788
6788
6790
6790
6790
6790
6790
6790
6790
6790
6790
6790
6790
6790
6790
6790
6790
6790
6794
6794
6794
6794
6794
6794
6794
6794
6794
6794
6794
6794
6794
6794
6794
6794
6794
6794
6796
6796
6796
6796
6796
6796
6796
6796
6796
6796
6796
6796
6796
6796
6796
6796
6796
6796
6796
6796
6796
6798
6798
6798
6798
6798
6798
6798
6798
6798
6800
6800
6800
6800
6800
6800
6800
6800
6804
6804
6804
6804
6804
6804
6804
6804
6804
6804
6804
6804
6804
6804
6806
6806
6806
6806
6806
6806
6808
6808
6808
6808
6808
6808
6808
6812
6812
6812
6812
6812
6812
6814
6814
6816
6816
6816
6816
6816
6818
6822
6822
6822
6822
6822
6822
6822
6822
6822
6822
6822
6822
6822
6822
6822
6822
6822
6822
6822
6822
6822
6822
6822
6822
6822
6826
6826
6826
6826
6826
6826
6826
6826
6826
6826
6826
6826
6826
6826
6826
6826
6826
6826
6826
6826
6826
6826
6826
6826
6826
6826
6826
6826
6826
6826
6826
6826
6826
6826
6826
6826
6828
6828
6828
6828
6828
6828
6828
6828
6828
6828
6828
6828
6828
6828
6828
6828
6828
6828
6828
6828
6828
6828
6828
6828
6828
6828
6830
6830
6830
6830
6830
6830
6830
6830
6830
6830
6830
6830
6830
6830
6830
6830
6830
6830
6830
6830
6830
6832
6832
6834
6834
6834
6834
6834
6834
6834
6834
6834
6834
6838
6838
6838
6838
6838
6838
6838
6838
6838
6842
6842
6842
6842
6842
6842
6846
6846
6846
6846
6846
6846
6846
6846
6846
6846
6846
6846
6846
6846
6846
6846
6846
6846
6846
6846
6846
6846
6846
6846
6846
6848
6848
6848
6848
6848
6848
6848
6848
6850
6850
6850
6850
6850
6852
6852
6852
6852
6854
6854
6854
6854
6854
6854
6854
6854
6854
6854
6854
6854
6854
6854
6854
6854
6854
6854
6854
6854
6854
6854
6854
6854
6858
6858
6858
6858
6858
6858
6858
6858
6858
6858
6858
6858
6858
6858
6858
6858
6858
6860
6860
6860
6860
6860
6860
6860
6860
6860
6862
6862
6862
6862
6862
6862
6862
6862
6862
6862
6862
6862
6862
6862
6862
6862
6862
6862
6862
6862
6862
6862
6862
6862
6862
6862
6862
6862
6862
6862
6866
6866
6866
6866
6866
6866
6866
6866
6866
6866
6870
6870
6870
6870
6870
6870
6870
6870
6870
6870
6870
6870
6870
6872
6872
6872
6872
6872
6872
6872
6872
6872
6872
6872
6872
6872
6876
6876
6876
6876
6876
6876
6876
6876
6876
6876
6876
6876
6880
6880
6880
6880
6880
6880
6880
6880
6880
6880
6880
6880
6880
6880
6880
6880
6880
6880
6880
6880
6880
6880
6880
6880
6880
6880
6880
6880
6880
6880
6880
6880
6880
6880
6880
6880
6880
6880
6880
6880
6880
6880
6880
6880
6880
6880
6880
6880
6880
6880
6880
6880
6880
6880
6880
6880
6880
6880
6880
6880
6882
6882
6882
6882
6882
6882
6882
6882
6882
6882
6882
6882
6882
6882
6882
6882
6882
6882
6882
6882
6882
6882
6882
6882
6882
6882
6882
6882
6882
6882
6882
6882
6882
6882
6882
6882
6882
6882
6884
6884
6884
6884
6884
6884
6888
6888
6888
6888
6888
6888
6888
6888
6888
6888
6888
6888
6888
6888
6890
6890
6890
6890
6890
6890
6890
6890
6890
6890
6890
6890
6890
6890
6892
6892
6892
6892
6892
6892
6892
6892
6892
6892
6892
6892
6892
6892
6892
6892
6892
6892
6892
6894
6894
6894
6894
6894
6896
6896
6896
6896
6896
6896
6896
6896
6896
6896
6896
6896
6896
6896
6896
6896
6896
6900
6900
6900
6900
6900
6900
6900
6900
6900
6900
6900
6900
6900
6900
6900
6900
6900
6900
6900
6900
6900
6900
6900
6900
6902
6902
6902
6902
6902
6902
6902
6902
6904
6904
6904
6904
6904
6904
6904
6906
6906
6906
6906
6906
6906
6906
6906
6906
6906
6906
6906
6908
6908
6908
6908
6908
6908
6908
6908
6908
6908
6908
6912
6912
6912
6912
6912
6912
6912
6912
6912
6912
6912
6912
6912
6912
6912
6912
6912
6912
6912
6912
6914
6914
6914
6914
6914
6914
6914
6914
6914
6914
6914
6914
6914
6914
6914
6914
6914
6914
6914
6914
6914
6914
6914
6914
6914
6914
6914
6914
6914
6914
6914
6914
6914
6914
6914
6914
6914
6914
6914
6914
6914
6914
6916
6916
6916
6916
6916
6916
6916
6916
6916
6916
6916
6916
6916
6916
6916
6916
6916
6916
6916
6916
6916
6918
6918
6918
6918
6918
6918
6918
6918
6918
6918
6918
6918
6920
6920
6920
6920
6920
6920
6920
6920
6920
6920
6920
6920
6920
6920
6920
6920
6920
6920
6920
6920
6920
6920
6920
6920
6922
6922
6922
6922
6922
6922
6922
6922
6922
6922
6922
6922
6922
6922
6924
6924
6924
6924
6924
6924
6924
6924
6924
6924
6924
6924
6924
6924
6924
6924
6924
6924
6924
6924
6924
6924
6924
6924
6924
6924
6924
6924
6924
6924
6924
6924
6924
6924
6924
6924
6926
6926
6926
6926
6926
6926
6926
6926
6926
6926
6926
6928
6928
6928
6928
6928
6928
6928
6928
6928
6928
6928
6928
6928
6928
6928
6928
6930
6930
6930
6932
6932
6932
6932
6932
6932
6932
6932
6932
6932
6932
6932
6932
6932
6932
6932
6932
6932
6932
6932
6932
6932
6932
6932
6932
6932
6932
6932
6932
6932
6932
6932
6932
6932
6932
6932
6932
6932
6932
6932
6932
6932
6932
6932
6932
6934
6934
6934
6934
6934
6934
6934
6934
6934
6934
6934
6934
6934
6934
6934
6934
6934
6934
6936
6936
6936
6936
6936
6936
6936
6936
6936
6936
6936
6936
6936
6936
6936
6936
6936
6936
6936
6936
6936
6936
6936
6938
6938
6938
6938
6938
6938
6938
6940
6940
6940
6940
6940
6940
6940
6940
6940
6940
6940
6940
6940
6940
6940
6940
6940
6940
6940
6940
6940
6940
6940
6940
6940
6940
6940
6940
6940
6940
6940
6940
6940
6940
6940
6940
6940
6940
6940
6940
6940
6940
6940
6940
6940
6940
6940
6940
6940
6940
6940
6940
6940
6940
6940
6940
6940
6940
6940
6940
6940
6940
6940
6940
6940
6940
6940
6940
6940
6940
6940
6940
6940
6940
6940
6940
6940
6940
6940
6940
6940
6940
6940
6940
6940
6940
6940
6940
6940
6940
6940
6940
6942
6942
6942
6942
6942
6942
6942
6942
6942
6942
6942
6942
6942
6942
6942
6942
6942
6942
6942
6942
6942
6942
6942
6942
6942
6942
6942
6942
6942
6942
6942
6942
6942
6942
6944
6944
6944
6944
6944
6944
6944
6944
6944
6944
6944
6944
6944
6944
6944
6944
6944
6944
6944
6944
6944
6944
6944
6944
6944
6944
6944
6944
6944
6944
6944
6944
6944
6944
6944
6944
6944
6944
6944
6944
6944
6944
6944
6944
6944
6944
6944
6944
6944
6944
6944
6944
6944
6944
6944
6944
6944
6944
6944
6944
6944
6944
6944
6944
6944
6944
6944
6944
6944
6944
6944
6944
6944
6944
6944
6944
6944
6944
6944
6944
6944
6944
6944
6944
6944
6944
6944
6944
6944
6944
6944
6944
6944
6944
6944
6944
6944
6944
6944
6944
6944
6944
6944
6944
6944
6944
6944
6944
6944
6944
6944
6944
6944
6944
6944
6944
6944
6944
6944
6944
6944
6944
6944
6944
6944
6944
6944
6944
6944
6944
6944
6944
6944
6944
6944
6944
6944
6944
6944
6944
6944
6944
6944
6944
6944
6944
6944
6944
6944
6944
6944
6944
6944
6944
6944
6944
6944
6944
6944
6944
6944
6944
6944
6944
6944
6944
6944
6944
6944
6944
6946
6946
6946
6946
6946
6946
6946
6946
6946
6946
6946
6946
6946
6946
6946
6946
6946
6946
6946
6946
6946
6946
6946
6946
6946
6946
6946
6946
6946
6946
6946
6946
6946
6946
6946
6946
6946
6946
6946
6946
6946
6946
6946
6946
6946
6946
6946
6946
6946
6946
6946
6946
6946
6946
6946
6946
6946
6946
6946
6946
6946
6946
6946
6946
6946
6946
6946
6946
6946
6946
6946
6946
6946
6946
6946
6946
6946
6946
6946
6946
6946
6946
6946
6946
6946
6946
6946
6946
6946
6946
6946
6946
6946
6946
6946
6946
6946
6946
6946
6946
6946
6946
6946
6946
6946
6946
6946
6946
6946
6946
6946
6946
6946
6946
6946
6946
6946
6946
6946
6946
6946
6946
6946
6946
6946
6946
6946
6946
6946
6946
6946
6946
6946
6946
6946
6946
6946
6946
6946
6948
6948
6948
6948
6948
6948
6948
6948
6948
6948
6948
6950
6950
6950
6950
6950
6950
6950
6950
6950
6950
6950
6950
6950
6950
6950
6950
6950
6950
6950
6950
6950
6950
6950
6950
6950
6950
6950
6950
6950
6950
6950
6950
6950
6950
6950
6950
6950
6950
6952
6952
6952
6952
6952
6952
6952
6952
6952
6952
6952
6952
6952
6952
6952
6952
6952
6952
6952
6952
6952
6952
6952
6952
6952
6952
6952
6952
6952
6952
6952
6952
6952
6952
6952
6952
6952
6952
6952
6952
6952
6952
6952
6954
6954
6954
6954
6954
6954
6954
6954
6954
6954
6954
6954
6954
6954
6954
6954
6954
6954
6954
6954
6954
6954
6954
6954
6954
6954
6954
6954
6954
6958
6958
6958
6958
6958
6958
6958
6958
6958
6958
6958
6958
6958
6958
6958
6958
6958
6958
6958
6958
6958
6958
6958
6958
6958
6958
6958
6958
6958
6958
6958
6958
6958
6958
6958
6958
6958
6958
6958
6958
6958
6958
6958
6958
6958
6958
6958
6958
6958
6958
6958
6958
6958
6958
6958
6958
6958
6958
6958
6958
6958
6958
6958
6958
6958
6958
6958
6958
6958
6958
6958
6958
6958
6958
6958
6958
6958
6958
6958
6958
6958
6958
6958
6958
6958
6958
6958
6958
6958
6958
6958
6958
6958
6958
6958
6958
6958
6958
6958
6958
6958
6958
6958
6958
6958
6958
6958
6958
6958
6958
6958
6958
6958
6958
6958
6958
6960
6960
6960
6960
6960
6960
6960
6960
6960
6960
6960
6960
6960
6960
6960
6960
6960
6960
6960
6960
6960
6960
6960
6960
6960
6960
6960
6960
6960
6960
6960
6960
6960
6960
6960
6960
6960
6960
6960
6960
6960
6960
6960
6960
6960
6960
6960
6960
6960
6960
6960
6960
6960
6960
6960
6960
6960
6960
6960
6960
6960
6960
6960
6960
6960
6960
6960
6960
6960
6960
6960
6960
6960
6960
6960
6960
6960
6960
6960
6960
6960
6960
6960
6960
6960
6960
6960
6960
6960
6960
6960
6960
6960
6960
6960
6960
6960
6960
6960
6960
6960
6960
6960
6960
6960
6960
6960
6960
6960
6960
6960
6960
6960
6960
6960
6960
6960
6960
6960
6960
6960
6960
6960
6960
6960
6960
6960
6962
6962
6962
6962
6962
6962
6962
6962
6962
6962
6962
6962
6962
6962
6962
6962
6962
6962
6962
6962
6962
6962
6962
6962
6962
6962
6962
6962
6962
6962
6962
6962
6964
6964
6964
6964
6964
6964
6964
6964
6964
6964
6964
6964
6964
6964
6964
6964
6964
6964
6964
6964
6964
6964
6966
6966
6966
6966
6966
6966
6966
6968
6968
6968
6968
6968
6968
6970
6970
6970
6970
6970
6970
6970
6970
6970
6970
6970
6970
6970
6970
6970
6970
6970
6970
6970
6970
6970
6970
6970
6970
6970
6970
6970
6970
6970
6970
6970
6970
6970
6970
6970
6970
6970
6970
6970
6970
6970
6970
6970
6970
6970
6970
6970
6970
6970
6970
6970
6970
6970
6970
6970
6970
6970
6970
6970
6970
6970
6970
6970
6970
6970
6970
6970
6970
6970
6970
6970
6970
6970
6970
6970
6970
6970
6970
6970
6970
6970
6970
6970
6970
6970
6970
6970
6970
6970
6970
6970
6970
6970
6970
6970
6970
6970
6970
6970
6970
6970
6970
6970
6970
6970
6970
6970
6970
6970
6970
6970
6970
6970
6970
6970
6970
6970
6970
6970
6970
6970
6972
6972
6972
6972
6972
6972
6972
6972
6972
6972
6972
6972
6972
6972
6972
6972
6972
6972
6972
6972
6972
6972
6972
6972
6972
6972
6972
6972
6972
6972
6974
6974
6974
6974
6974
6974
6974
6974
6974
6974
6974
6974
6974
6974
6974
6974
6974
6974
6974
6974
6974
6974
6974
6974
6974
6974
6974
6974
6974
6974
6974
6974
6974
6974
6974
6974
6976
6976
6976
6976
6976
6976
6976
6976
6976
6976
6976
6976
6976
6976
6976
6976
6976
6976
6976
6976
6976
6976
6976
6976
6976
6976
6976
6976
6976
6976
6976
6976
6976
6978
6978
6978
6978
6978
6978
6978
6978
6978
6978
6978
6978
6978
6978
6978
6978
6978
6978
6978
6978
6978
6978
6978
6978
6978
6978
6978
6978
6978
6978
6978
6978
6978
6978
6978
6978
6978
6978
6978
6978
6978
6978
6978
6978
6978
6978
6978
6978
6978
6978
6978
6978
6978
6978
6978
6978
6978
6978
6978
6978
6978
6978
6978
6978
6978
6978
6978
6978
6978
6978
6978
6978
6978
6978
6978
6978
6978
6978
6978
6978
6978
6978
6978
6978
6978
6978
6978
6978
6978
6978
6978
6978
6978
6978
6978
6978
6978
6978
6978
6978
6980
6980
6980
6980
6980
6980
6980
6980
6980
6980
6980
6980
6980
6980
6980
6980
6980
6980
6980
6980
6980
6980
6980
6980
6980
6980
6980
6980
6980
6980
6980
6980
6980
6980
6980
6980
6980
6980
6980
6980
6980
6980
6980
6980
6980
6980
6982
6982
6982
6982
6982
6982
6982
6982
6982
6982
6982
6982
6982
6982
6982
6982
6982
6982
6982
6982
6982
6982
6982
6982
6982
6982
6982
6982
6982
6982
6982
6982
6982
6982
6982
6982
6982
6982
6982
6982
6982
6982
6982
6982
6982
6982
6982
6982
6982
6982
6982
6982
6982
6982
6982
6982
6984
6984
6984
6984
6984
6984
6984
6984
6984
6984
6984
6984
6984
6984
6984
6984
6984
6984
6984
6984
6984
6984
6984
6984
6984
6984
6984
6984
6984
6984
6984
6984
6984
6984
6984
6984
6984
6984
6984
6984
6984
6984
6984
6984
6984
6984
6984
6984
6984
6984
6984
6984
6984
6984
6984
6984
6984
6984
6984
6984
6984
6984
6984
6984
6984
6984
6984
6984
6984
6984
6984
6984
6984
6984
6984
6984
6984
6984
6984
6984
6984
6984
6984
6984
6984
6984
6984
6984
6984
6984
6984
6984
6984
6984
6984
6984
6984
6984
6984
6984
6984
6984
6984
6984
6984
6984
6984
6984
6984
6986
6986
6986
6986
6986
6986
6986
6986
6986
6986
6986
6986
6986
6986
6986
6986
6986
6986
6986
6986
6986
6986
6986
6986
6986
6986
6986
6986
6988
6988
6988
6988
6988
6988
6988
6988
6988
6988
6988
6988
6988
6988
6988
6988
6988
6988
6988
6988
6988
6988
6988
6988
6988
6988
6988
6988
6988
6988
6988
6988
6988
6988
6988
6988
6988
6988
6988
6988
6988
6988
6988
6990
6990
6990
6990
6990
6992
6992
6992
6992
6992
6992
6992
6992
6992
6992
6992
6992
6992
6992
6992
6992
6992
6992
6992
6992
6992
6992
6992
6992
6992
6992
6992
6992
6992
6992
6992
6992
6992
6992
6992
6992
6992
6992
6992
6992
6992
6992
6992
6992
6992
6992
6992
6992
6992
6992
6992
6992
6992
6992
6992
6992
6992
6992
6992
6992
6992
6992
6992
6994
6994
6994
6994
6994
6994
6994
6994
6994
6994
6994
6994
6994
6994
6994
6994
6994
6994
6994
6994
6994
6994
6994
6994
6994
6994
6994
6994
6994
6994
6994
6994
6994
6994
6994
6994
6994
6994
6994
6994
6994
6994
6994
6994
6994
6994
6994
6994
6994
6994
6994
6994
6994
6994
6994
6994
6994
6994
6994
6994
6994
6994
6994
6994
6994
6994
6994
6994
6994
6994
6994
6994
6994
6994
6994
6994
6994
6994
6994
6994
6994
6994
6994
6994
6994
6994
6994
6994
6994
6994
6994
6994
6994
6994
6994
6994
6994
6994
6994
6994
6994
6994
6994
6994
6994
6994
6994
6994
6994
6994
6994
6994
6994
6994
6994
6994
6994
6994
6994
6994
6994
6994
6994
6994
6994
6994
6994
6994
6994
6994
6994
6994
6994
6994
6994
6994
6994
6994
6994
6994
6994
6994
6994
6994
6994
6994
6994
6994
6994
6994
6994
6994
6994
6994
6994
6994
6994
6994
6994
6994
6994
6994
6994
6994
6994
6994
6994
6994
6994
6994
6994
6994
6994
6994
6994
6994
6994
6994
6994
6994
6994
6994
6994
6994
6994
6994
6994
6994
6994
6994
6994
6994
6994
6994
6994
6994
6994
6994
6994
6994
6994
6994
6994
6994
6994
6994
6994
6994
6994
6994
6994
6994
6994
6994
6994
6994
6994
6994
6994
6994
6994
6994
6994
6994
6994
6994
6994
6994
6994
6994
6994
6994
6994
6994
6994
6994
6994
6994
6994
6994
6994
6994
6994
6994
6994
6994
6994
6994
6994
6994
6994
6994
6994
6994
6994
6994
6994
6994
6994
6994
6994
6994
6994
6994
6994
6994
6994
6994
6994
6994
6994
6994
6994
6994
6994
6994
6994
6994
6994
6994
6994
6994
6994
6994
6994
6994
6994
6994
6994
6994
6994
6994
6994
6994
6994
6994
6994
6994
6994
6994
6994
6994
6994
6994
6994
6994
6994
6994
6994
6994
6994
6994
6994
6994
6994
6994
6994
6994
6994
6994
6994
6994
6994
6994
6994
6994
6994
6994
6994
6994
6994
6994
6994
6994
6994
6994
6994
6994
6994
6996
6996
6996
6996
6996
6996
6996
6996
6996
6996
6996
6996
6996
6996
6996
6996
6996
6996
6996
6996
6996
6996
6996
6996
6996
6996
6996
6996
6996
6996
6996
6996
6996
6996
6996
6996
6996
6996
6996
6996
6996
6996
6996
6996
6996
6996
6996
6996
6996
6996
6996
6996
6996
6996
6996
6996
6996
6996
6996
6996
6996
6996
6996
6996
6996
6996
6996
6996
6996
6996
6996
6996
6996
6996
6996
6996
6996
6996
6996
6996
6996
6996
6996
6996
6996
6996
6996
6996
6996
6996
6996
6996
6996
6996
6996
6996
6996
6996
6996
6996
6996
6996
6996
6996
6996
6996
6996
6996
6996
6996
6996
6996
6996
6996
6996
6996
6996
6996
6996
6996
6996
6996
6996
6996
6996
6996
6996
6996
6996
6996
6996
6996
6996
6996
6996
6996
6996
6996
6996
6996
6996
6996
6996
6996
6996
6996
6996
6996
6996
6996
6996
6996
6996
6996
6996
6996
6996
6996
6996
6996
6996
6996
6996
6996
6996
6996
6996
6996
6996
6996
6996
6996
6996
6996
6996
6996
6996
6996
6996
6996
6996
6996
6996
6996
6996
6996
6996
6996
6996
6996
6996
6996
6996
6996
6996
6996
6996
6996
6996
6996
6996
6996
6996
6996
6996
6996
6996
6996
6996
6996
6996
6996
6996
6996
6996
6996
6996
6996
6996
6996
6996
6996
6996
6996
6996
6996
6996
6996
6998
6998
6998
6998
6998
6998
6998
6998
6998
6998
6998
6998
6998
6998
6998
6998
6998
6998
6998
6998
6998
6998
6998
6998
6998
6998
6998
6998
6998
6998
6998
6998
6998
6998
6998
6998
6998
6998
7000
7000
7000
7000
7000
7000
7000
7000
7000
7000
7000
7000
7000
7000
7000
7000
7000
7000
7000
7000
7000
7000
7000
7000
7000
7000
7000
7000
7000
7000
7000
7000
7000
7000
7000
7000
7000
7000
7000
7000
7000
7000
7000
7000
7000
7000
7000
7000
7000
7000
7000
7000
7000
7000
7000
7000
7000
7000
7000
7000
7000
7000
7000
7000
7000
7000
7000
7000
7000
7000
7000
7000
7000
7000
7000
7000
7000
7000
7000
7000
7000
7000
7000
7000
7000
7000
7000
7000
7000
7000
7000
7000
7000
7000
7000
7000
7000
7000
7000
7000
7000
7000
7000
7000
7000
7000
7000
7000
7000
7000
7000
7000
7000
7000
7000
7000
7000
7000
7000
7000
7000
7000
7000
7000
7000
7000
7000
7000
7000
7000
7000
7000
7000
7000
7000
7000
7000
7000
7000
7000
7000
7000
7000
7000
7000
7000
7000
7000
7000
7000
7000
7000
7000
7000
7000
7000
7000
7000
7000
7000
7000
7000
7000
7000
7000
7000
7000
7000
7000
7000
7000
7000
7000
7000
7000
7000
7000
7000
7000
7000
7000
7000
7000
7000
7000
7000
7000
7000
7000
7000
7000
7000
7000
7000
7000
7000
7000
7000
7000
7000
7000
7000
7000
7000
7000
7000
7000
7000
7000
7000
7000
7000
7000
7000
7000
7000
7000
7000
7000
7000
7000
7000
7000
7000
7000
7000
7000
7000
7000
7000
7000
7000
7000
7000
7000
7000
7000
7000
7000
7000
7000
7000
7000
7000
7000
7000
7000
7000
7000
7000
7000
7000
7000
7000
7000
7000
7000
7000
7000
7000
7000
7000
7000
7000
7000
7000
7000
7000
7000
7000
7000
7000
7000
7000
7000
7000
7000
7000
7000
7000
7000
7000
7000
7000
7000
7000
7000
7000
7000
7000
7000
7000
7000
7000
7000
7000
7000
7000
7000
7000
7000
7000
7000
7000
7000
7000
7000
7000
7000
7000
7000
7000
7000
7000
7000
7000
7000
7000
7000
7000
7000
7000
7000
7000
7000
7000
7000
7000
7000
7000
7000
7000
7000
7000
7000
7000
7000
7000
7000
7000
7000
7000
7000
7000
7000
7000
7000
7000
7000
7000
7000
7000
7000
7000
7000
7000
7000
7000
7000
7000
7000
7000
7000
7000
7000
7000
7000
7000
7000
7000
7002
7002
7002
7002
7002
7002
7002
7002
7002
7002
7002
7002
7002
7002
7002
7002
7002
7002
7002
7002
7002
7002
7002
7002
7002
7002
7002
7002
7002
7002
7002
7002
7002
7002
7002
7002
7002
7002
7002
7002
7002
7002
7002
7002
7002
7002
7002
7002
7002
7002
7002
7002
7002
7002
7002
7002
7002
7002
7002
7002
7002
7002
7002
7002
7002
7002
7002
7002
7002
7002
7002
7002
7002
7002
7002
7002
7002
7002
7002
7002
7002
7002
7002
7002
7002
7002
7002
7002
7002
7002
7002
7002
7002
7002
7002
7002
7002
7004
7004
7004
7004
7004
7004
7004
7004
7004
7004
7004
7004
7004
7004
7004
7004
7004
7004
7004
7004
7004
7004
7004
7004
7004
7004
7004
7004
7004
7004
7004
7004
7004
7004
7004
7004
7004
7004
7004
7004
7004
7004
7004
7004
7004
7004
7004
7004
7004
7004
7004
7004
7004
7004
7004
7004
7004
7004
7004
7004
7004
7004
7004
7004
7004
7004
7004
7004
7004
7004
7004
7004
7004
7004
7004
7004
7004
7004
7004
7004
7004
7004
7004
7004
7004
7004
7004
7004
7004
7004
7004
7004
7004
7004
7004
7004
7004
7004
7004
7004
7004
7004
7004
7004
7004
7004
7004
7004
7004
7004
7004
7004
7004
7004
7004
7004
7004
7004
7004
7004
7004
7004
7004
7004
7004
7004
7004
7004
7004
7004
7004
7004
7004
7004
7004
7004
7004
7004
7004
7004
7004
7004
7004
7004
7004
7004
7004
7004
7004
7004
7004
7004
7004
7004
7004
7004
7004
7004
7004
7004
7004
7004
7004
7004
7004
7004
7004
7004
7004
7004
7004
7004
7004
7004
7004
7004
7004
7004
7004
7004
7004
7004
7004
7004
7004
7004
7004
7004
7004
7004
7004
7004
7004
7004
7004
7004
7004
7004
7004
7004
7004
7004
7004
7004
7004
7004
7004
7004
7004
7004
7004
7004
7004
7004
7004
7004
7004
7004
7004
7004
7004
7004
7004
7004
7004
7004
7004
7004
7004
7004
7004
7004
7004
7004
7004
7004
7004
7004
7004
7004
7004
7004
7004
7004
7004
7004
7004
7004
7004
7004
7004
7004
7004
7004
7004
7004
7004
7004
7004
7004
7004
7004
7004
7004
7004
7004
7004
7004
7004
7004
7004
7004
7004
7004
7004
7004
7004
7004
7004
7004
7004
7004
7004
7004
7004
7004
7004
7004
7004
7004
7004
7004
7004
7004
7004
7004
7004
7004
7004
7004
7004
7004
7004
7004
7004
7004
7004
7004
7004
7004
7004
7004
7004
7004
7004
7004
7004
7004
7004
7004
7004
7004
7004
7004
7004
7004
7004
7004
7004
7004
7004
7004
7004
7004
7004
7004
7004
7004
7004
7004
7004
7004
7004
7004
7004
7004
7004
7004
7004
7004
7004
7004
7004
7004
7004
7004
7004
7004
7004
7004
7004
7004
7004
7004
7004
7004
7004
7004
7004
7004
7004
7004
7004
7004
7004
7004
7004
7004
7004
7004
7004
7004
7004
7004
7004
7004
7004
7004
7004
7004
7004
7004
7004
7004
7004
7004
7004
7004
7004
7004
7004
7004
7004
7004
7004
7004
7004
7004
7004
7004
7004
7004
7004
7004
7004
7004
7004
7004
7004
7004
7004
7004
7004
7004
7004
7004
7004
7004
7004
7004
7004
7004
7004
7004
7004
7004
7004
7004
7004
7004
7004
7004
7004
7004
7004
7004
7004
7004
7004
7004
7004
7004
7004
7004
7004
7004
7004
7004
7004
7004
7004
7004
7004
7004
7004
7004
7004
7004
7004
7004
7004
7004
7004
7004
7004
7004
7004
7004
7004
7004
7004
7004
7004
7004
7004
7004
7004
7004
7004
7004
7004
7004
7004
7004
7004
7004
7004
7004
7004
7004
7004
7004
7004
7004
7004
7004
7004
7004
7004
7004
7004
7004
7004
7004
7004
7004
7004
7004
7004
7004
7004
7004
7004
7004
7004
7004
7004
7004
7004
7004
7004
7004
7004
7004
7004
7004
7004
7004
7004
7004
7004
7004
7004
7004
7004
7004
7004
7004
7004
7004
7004
7004
7004
7004
7004
7004
7004
7004
7004
7004
7004
7004
7004
7004
7004
7004
7004
7004
7004
7004
7004
7004
7004
7004
7004
7004
7004
7004
7004
7004
7004
7004
7004
7004
7004
7004
7004
7004
7004
7004
7004
7004
7004
7004
7004
7004
7004
7004
7004
7004
7004
7004
7004
7004
7004
7004
7004
7004
7004
7004
7004
7004
7004
7004
7004
7004
7004
7004
7004
7004
7004
7004
7004
7004
7004
7004
7004
7004
7004
7004
7004
7004
7004
7004
7004
7004
7004
7004
7004
7004
7004
7004
7004
7004
7004
7004
7004
7004
7004
7004
7004
7004
7004
7004
7004
7004
7004
7004
7004
7004
7004
7004
7004
7004
7004
7004
7004
7004
7004
7004
7004
7004
7004
7004
7004
7004
7004
7004
7004
7004
7004
7004
7004
7004
7004
7004
7004
7004
7004
7004
7004
7004
7004
7004
7004
7004
7004
7004
7004
7004
7004
7004
7004
7004
7004
7004
7004
7004
7004
7004
7004
7004
7004
7004
7004
7004
7004
7004
7004
7004
7004
7004
7004
7004
7004
7004
7004
7004
7004
7004
7004
7004
7004
7004
7004
7004
7004
7004
7004
7004
7004
7004
7004
7004
7004
7004
7004
7004
7004
7004
7004
7004
7004
7004
7004
7004
7004
7004
7004
7004
7004
7004
7004
7004
7004
7004
7004
7004
7004
7004
7004
7004
7004
7004
7004
7004
7004
7004
7004
7004
7004
7004
7004
7004
7004
7004
7004
7004
7004
7004
7004
7004
7004
7004
7004
7004
7004
7004
7004
7004
7004
7004
7004
7004
7004
7004
7004
7004
7004
7004
7004
7004
7004
7004
7004
7004
7004
7004
7004
7004
7004
7004
7004
7004
7004
7004
7004
7004
7004
7004
7004
7004
7004
7004
7004
7004
7004
7004
7004
7004
7004
7004
7004
7004
7004
7004
7004
7004
7004
7004
7004
7004
7004
7004
7004
7004
7004
7004
7004
7004
7004
7004
7004
7004
7004
7004
7004
7004
7004
7004
7004
7004
7004
7004
7004
7004
7004
7004
7004
7004
7004
7004
7004
7004
7004
7004
7004
7004
7004
7004
7004
7004
7004
7004
7004
7004
7004
7004
7004
7004
7004
7004
7004
7004
7004
7004
7004
7004
7004
7004
7004
7004
7004
7004
7004
7004
7004
7004
7004
7004
7004
7004
7004
7004
7004
7004
7004
7004
7004
7004
7004
7004
7004
7004
7004
7004
7004
7004
7004
7004
7004
7004
7004
7004
7004
7004
7004
7004
7004
7004
7004
7004
7004
7004
7004
7004
7004
7004
7004
7004
7004
7004
7004
7004
7004
7004
7004
7004
7004
7004
7004
7004
7004
7004
7004
7004
7004
7004
7004
7004
7004
7004
7004
7004
7004
7004
7004
7004
7004
7004
7004
7004
7004
7004
7004
7004
7004
7004
7004
7004
7004
7004
7004
7004
7004
7004
7004
7004
7004
7004
7004
7004
7004
7004
7004
7004
7004
7004
7004
7004
7004
7004
7004
7004
7004
7004
7004
7004
7004
7004
7004
7004
7004
7004
7004
7004
7004
7004
7004
7004
7004
7004
7004
7004
7004
7004
7004
7004
7004
7004
7004
7004
7004
7004
7004
7004
7004
7004
7004
7004
7004
7004
7004
7004
7004
7004
7004
7004
7004
7004
7004
7004
7004
7004
7004
7004
7004
7004
7004
7004
7004
7004
7004
7004
7004
7004
7004
7004
7004
7004
7004
7004
7004
7004
7004
7004
7004
7004
7004
7004
7004
7004
7004
7004
7004
7004
7004
7004
7004
7004
7004
7004
7004
7004
7004
7004
7004
7004
7004
7004
7004
7004
7004
7004
7004
7004
7004
7004
7004
7004
7004
7004
7004
7004
7004
7004
7004
7004
7004
7004
7004
7004
7004
7004
7004
7004
7004
7004
7004
7004
7004
7004
7004
7004
7004
7006
7006
7006
7006
7006
7006
7006
7006
7006
7006
7006
7006
7006
7006
7006
7006
7006
7006
7006
7006
7006
7006
7006
7006
7006
7006
7006
7006
7006
7006
7006
7006
7006
7006
7006
7006
7006
7006
7006
7006
7006
7006
7006
7006
7006
7006
7006
7006
7006
7006
7006
7006
7006
7006
7006
7006
7006
7006
7006
7006
7006
7006
7006
7006
7006
7006
7006
7006
7006
7008
7008
7008
7008
7008
7008
7008
7008
7008
7008
7008
7008
7008
7008
7008
7008
7008
7008
7008
7008
7008
7008
7008
7008
7008
7008
7008
7008
7008
7008
7008
7008
7008
7008
7008
7008
7008
7008
7008
7008
7008
7008
7008
7008
7008
7008
7008
7008
7008
7008
7008
7008
7008
7008
7008
7008
7008
7008
7008
7008
7008
7008
7008
7008
7008
7008
7008
7008
7008
7008
7008
7008
7008
7008
7008
7008
7008
7008
7008
7008
7008
7008
7008
7008
7008
7008
7008
7008
7008
7008
7008
7008
7008
7008
7008
7008
7008
7008
7008
7008
7008
7008
7008
7008
7008
7008
7008
7008
7008
7008
7008
7008
7008
7008
7008
7008
7008
7008
7008
7008
7008
7008
7008
7008
7008
7008
7008
7008
7008
7008
7008
7008
7008
7008
7008
7008
7008
7008
7008
7008
7008
7008
7008
7008
7008
7008
7008
7008
7008
7010
7010
7010
7010
7010
7010
7010
7010
7010
7010
7010
7010
7010
7010
7010
7010
7010
7010
7010
7010
7010
7010
7010
7010
7010
7010
7010
7010
7010
7010
7010
7010
7010
7010
7010
7010
7010
7010
7010
7010
7010
7010
7010
7010
7010
7010
7010
7010
7010
7010
7010
7010
7010
7010
7010
7010
7010
7010
7010
7010
7010
7010
7010
7010
7010
7010
7010
7010
7010
7010
7010
7010
7010
7010
7010
7010
7010
7010
7010
7010
7010
7010
7010
7010
7010
7010
7010
7010
7010
7010
7010
7010
7010
7010
7010
7010
7010
7010
7010
7010
7010
7010
7010
7010
7010
7010
7010
7010
7010
7010
7010
7010
7010
7010
7010
7010
7010
7010
7010
7010
7010
7010
7010
7010
7010
7010
7010
7010
7010
7010
7010
7010
7010
7010
7010
7010
7010
7010
7010
7010
7010
7010
7010
7010
7010
7010
7010
7010
7010
7010
7010
7010
7010
7010
7010
7010
7010
7010
7010
7010
7010
7010
7010
7010
7010
7010
7010
7010
7010
7010
7010
7010
7010
7010
7010
7010
7010
7010
7010
7010
7010
7010
7010
7010
7010
7010
7010
7010
7010
7010
7010
7010
7010
7010
7010
7010
7010
7010
7010
7010
7010
7010
7010
7010
7010
7010
7010
7010
7010
7010
7010
7010
7010
7010
7010
7010
7010
7010
7010
7010
7010
7010
7010
7010
7010
7010
7010
7010
7010
7010
7010
7010
7010
7010
7010
7010
7010
7010
7010
7010
7010
7010
7010
7010
7010
7010
7010
7010
7010
7010
7010
7010
7010
7010
7010
7010
7010
7010
7010
7010
7010
7010
7010
7010
7010
7010
7010
7010
7010
7010
7010
7010
7010
7010
7010
7010
7010
7010
7010
7010
7010
7010
7010
7010
7010
7010
7010
7010
7010
7010
7010
7010
7010
7010
7010
7010
7010
7010
7010
7010
7010
7010
7010
7010
7010
7010
7010
7010
7010
7010
7010
7010
7010
7010
7010
7010
7010
7010
7010
7010
7010
7010
7010
7010
7010
7010
7010
7010
7010
7010
7010
7010
7010
7010
7010
7010
7010
7010
7010
7010
7010
7010
7010
7010
7010
7010
7010
7010
7010
7010
7010
7010
7010
7010
7010
7010
7010
7010
7010
7010
7010
7010
7010
7010
7010
7010
7010
7010
7010
7010
7010
7010
7010
7010
7010
7010
7010
7010
7010
7010
7010
7010
7010
7010
7010
7010
7010
7010
7010
7010
7010
7010
7010
7010
7010
7010
7010
7010
7010
7010
7010
7010
7010
7010
7010
7010
7010
7010
7010
7010
7010
7010
7010
7010
7010
7010
7010
7010
7010
7010
7010
7010
7010
7010
7010
7010
7010
7010
7010
7010
7010
7010
7010
7010
7010
7010
7010
7010
7010
7010
7010
7010
7010
7010
7010
7010
7010
7010
7010
7010
7010
7010
7010
7010
7010
7010
7010
7010
7010
7010
7010
7010
7010
7010
7010
7010
7010
7010
7010
7010
7010
7010
7010
7010
7010
7010
7010
7010
7010
7010
7010
7010
7010
7010
7010
7010
7010
7010
7010
7010
7010
7010
7010
7010
7010
7010
7010
7010
7010
7010
7010
7010
7010
7010
7010
7010
7010
7010
7010
7010
7010
7010
7010
7010
7010
7010
7010
7010
7010
7010
7010
7010
7010
7010
7010
7010
7010
7010
7010
7010
7010
7010
7010
7010
7010
7010
7010
7010
7010
7010
7010
7010
7010
7010
7010
7010
7010
7010
7010
7010
7010
7010
7010
7010
7010
7010
7010
7010
7010
7010
7010
7010
7010
7010
7010
7010
7010
7010
7010
7010
7010
7010
7010
7010
7010
7010
7010
7010
7010
7010
7010
7010
7010
7010
7010
7010
7010
7010
7010
7010
7010
7010
7010
7010
7010
7010
7010
7010
7010
7010
7010
7010
7010
7010
7010
7010
7010
7010
7010
7010
7010
7010
7010
7010
7010
7010
7010
7010
7010
7010
7010
7010
7010
7010
7010
7010
7010
7010
7010
7010
7010
7010
7010
7010
7010
7010
7010
7010
7010
7010
7010
7010
7010
7010
7010
7010
7010
7010
7010
7010
7010
7010
7010
7010
7010
7010
7010
7010
7010
7010
7010
7010
7010
7010
7010
7010
7010
7010
7010
7010
7010
7010
7010
7010
7010
7010
7010
7010
7010
7010
7010
7010
7010
7010
7010
7010
7010
7010
7010
7010
7010
7010
7010
7010
7010
7010
7010
7010
7010
7010
7010
7010
7010
7010
7010
7010
7010
7010
7010
7010
7010
7010
7010
7010
7010
7010
7010
7010
7010
7010
7010
7010
7010
7010
7010
7010
7010
7010
7010
7010
7010
7010
7010
7010
7010
7010
7010
7010
7010
7010
7012
7012
7012
7012
7012
7012
7012
7012
7012
7012
7012
7012
7012
7012
7012
7012
7012
7012
7012
7012
7012
7012
7012
7012
7012
7012
7012
7012
7012
7012
7012
7012
7012
7012
7012
7012
7012
7012
7012
7012
7012
7012
7012
7012
7012
7012
7012
7012
7012
7012
7012
7012
7012
7012
7012
7012
7012
7012
7012
7012
7012
7012
7012
7012
7012
7012
7012
7012
7012
7012
7012
7012
7012
7012
7012
7012
7012
7012
7012
7012
7012
7012
7012
7012
7012
7012
7012
7012
7012
7012
7012
7012
7012
7012
7012
7012
7012
7012
7012
7012
7012
7012
7012
7012
7012
7012
7012
7012
7012
7012
7012
7012
7012
7012
7012
7012
7012
7012
7012
7012
7012
7012
7012
7012
7012
7012
7012
7012
7012
7012
7012
7012
7012
7012
7012
7012
7012
7012
7012
7012
7012
7012
7012
7012
7012
7012
7012
7012
7012
7012
7012
7012
7012
7012
7012
7012
7012
7012
7012
7012
7012
7012
7012
7012
7012
7012
7012
7012
7012
7012
7012
7012
7012
7012
7012
7012
7012
7012
7012
7012
7012
7012
7012
7012
7012
7012
7012
7012
7012
7012
7012
7012
7012
7012
7012
7012
7012
7012
7012
7012
7012
7012
7012
7012
7012
7012
7012
7012
7012
7012
7012
7012
7012
7012
7012
7012
7012
7012
7012
7012
7012
7012
7012
7012
7012
7012
7012
7012
7012
7012
7012
7012
7012
7012
7012
7012
7012
7012
7012
7012
7012
7012
7012
7012
7012
7012
7012
7012
7012
7012
7012
7012
7012
7012
7012
7012
7012
7012
7012
7012
7012
7012
7012
7012
7012
7012
7012
7012
7012
7012
7012
7012
7012
7012
7012
7012
7012
7012
7012
7012
7012
7012
7012
7012
7012
7012
7012
7012
7012
7012
7012
7012
7012
7012
7012
7012
7012
7012
7012
7012
7012
7012
7012
7012
7012
7012
7012
7012
7012
7012
7012
7012
7012
7012
7012
7012
7012
7012
7012
7012
7012
7012
7012
7012
7012
7012
7012
7012
7012
7012
7012
7012
7012
7012
7012
7012
7012
7012
7012
7012
7012
7012
7012
7012
7012
7012
7012
7012
7012
7012
7012
7012
7012
7012
7012
7012
7012
7012
7012
7012
7012
7012
7012
7012
7012
7012
7012
7012
7012
7012
7012
7012
7012
7012
7012
7012
7012
7012
7012
7012
7012
7012
7012
7012
7012
7012
7012
7012
7012
7012
7012
7012
7012
7012
7012
7012
7012
7012
7012
7012
7012
7012
7012
7012
7012
7012
7012
7012
7012
7012
7012
7012
7012
7012
7012
7012
7012
7012
7012
7012
7012
7012
7012
7012
7012
7012
7012
7012
7012
7012
7012
7012
7012
7012
7012
7012
7012
7012
7012
7012
7012
7012
7012
7012
7012
7012
7012
7012
7012
7012
7012
7012
7012
7012
7012
7012
7012
7012
7012
7012
7012
7012
7012
7012
7012
7012
7012
7012
7012
7012
7012
7012
7012
7012
7012
7012
7012
7012
7012
7012
7012
7012
7012
7012
7012
7012
7012
7012
7012
7012
7012
7012
7012
7012
7012
7012
7012
7012
7012
7012
7012
7012
7012
7012
7012
7012
7012
7012
7012
7012
7012
7012
7012
7012
7012
7012
7012
7012
7012
7012
7012
7012
7012
7012
7012
7012
7012
7012
7012
7012
7012
7012
7012
7012
7012
7012
7012
7012
7012
7012
7012
7012
7012
7012
7012
7012
7012
7012
7012
7012
7012
7012
7012
7012
7012
7012
7012
7012
7012
7012
7012
7012
7012
7012
7012
7012
7012
7012
7012
7012
7012
7012
7012
7012
7012
7012
7012
7012
7012
7012
7012
7012
7012
7012
7012
7012
7012
7012
7012
7012
7012
7012
7012
7012
7012
7012
7012
7012
7012
7012
7012
7012
7012
7012
7012
7012
7012
7012
7012
7012
7012
7012
7012
7012
7012
7012
7012
7012
7012
7012
7012
7012
7012
7012
7012
7012
7012
7012
7012
7012
7012
7012
7012
7012
7012
7012
7012
7012
7012
7012
7012
7012
7012
7012
7012
7012
7012
7012
7012
7012
7012
7012
7012
7012
7012
7012
7012
7012
7012
7012
7012
7012
7012
7012
7012
7012
7012
7012
7012
7012
7012
7012
7012
7012
7012
7012
7012
7012
7012
7012
7012
7012
7012
7012
7012
7012
7012
7012
7012
7012
7012
7012
7012
7012
7012
7012
7012
7012
7012
7012
7012
7012
7012
7012
7012
7012
7012
7012
7012
7012
7012
7012
7012
7012
7012
7012
7012
7012
7012
7012
7012
7012
7012
7012
7012
7012
7012
7012
7012
7012
7012
7012
7012
7012
7012
7012
7012
7012
7012
7012
7012
7012
7012
7012
7012
7012
7012
7012
7012
7012
7012
7012
7012
7012
7012
7012
7012
7012
7012
7012
7012
7012
7012
7012
7012
7012
7012
7012
7012
7012
7012
7012
7012
7012
7012
7012
7012
7012
7012
7012
7012
7012
7012
7012
7012
7012
7012
7012
7012
7012
7012
7012
7012
7012
7012
7012
7012
7012
7012
7012
7012
7012
7012
7012
7012
7012
7012
7012
7012
7012
7012
7012
7012
7012
7012
7012
7012
7012
7012
7012
7012
7012
7012
7012
7012
7012
7012
7012
7012
7012
7012
7012
7012
7012
7012
7012
7012
7012
7012
7012
7012
7012
7012
7012
7012
7012
7012
7012
7012
7012
7012
7012
7012
7012
7012
7012
7012
7012
7012
7012
7012
7012
7012
7012
7012
7012
7012
7012
7012
7012
7012
7012
7012
7012
7012
7012
7012
7012
7012
7012
7012
7012
7012
7012
7012
7012
7012
7012
7012
7012
7012
7012
7012
7012
7012
7012
7012
7012
7012
7012
7012
7012
7012
7012
7012
7012
7012
7012
7012
7012
7012
7012
7012
7012
7012
7012
7012
7012
7012
7012
7012
7012
7012
7012
7012
7012
7012
7012
7012
7012
7012
7012
7012
7012
7012
7012
7012
7012
7012
7012
7012
7012
7012
7012
7012
7012
7012
7012
7012
7012
7012
7012
7012
7012
7012
7012
7012
7012
7012
7012
7012
7012
7012
7012
7012
7012
7012
7012
7012
7012
7012
7012
7012
7012
7012
7012
7012
7012
7012
7012
7012
7012
7012
7012
7012
7012
7012
7012
7014
7014
7014
7014
7014
7014
7014
7014
7014
7014
7014
7014
7014
7014
7014
7014
7014
7014
7014
7014
7014
7014
7014
7014
7014
7014
7014
7014
7014
7014
7014
7014
7014
7014
7014
7014
7014
7014
7014
7014
7014
7014
7014
7014
7014
7014
7014
7014
7014
7014
7014
7014
7014
7014
7014
7014
7014
7014
7014
7014
7014
7014
7014
7014
7014
7014
7014
7014
7014
7014
7014
7014
7014
7014
7014
7014
7014
7014
7014
7014
7014
7014
7014
7014
7014
7014
7014
7014
7014
7014
7014
7014
7014
7014
7014
7014
7014
7014
7014
7014
7014
7014
7014
7014
7014
7014
7014
7014
7014
7014
7014
7014
7014
7014
7014
7014
7014
7014
7014
7014
7014
7014
7014
7014
7014
7014
7014
7014
7014
7014
7014
7014
7014
7014
7014
7014
7014
7014
7014
7014
7014
7014
7014
7014
7014
7014
7014
7014
7014
7014
7014
7014
7014
7014
7014
7014
7014
7014
7014
7014
7014
7014
7014
7014
7014
7014
7014
