7014
7014
7014
7014
7014
7014
7014
7014
744
7014
7014
7014
7014
3086
7014
7014
7014
7014
7014
7012
7014
7014
7014
7014
7014
7014
7014
7014
7014
6998
-2232
6246
6854
7014
6954
5274
7014
7014
7014
7014
7014
7014
7014
7014
-3354
6772
7014
7014
5862
7014
7014
4126
2596
7014
1074
-124
7014
7014
7014
7014
7014
7014
7014
7014
7014
7002
7010
7014
7014
5664
3814
5864
7014
1606
7014
1396
288
7014
6942
7014
7014
7014
7014
7014
7014
5446
2598
6650
-7436
3734
1396
7014
7014
7014
-10098
7014
7014
4050
7014
7014
6886
7014
7014
7014
7014
7014
7014
7014
7014
4424
7014
7014
7014
7014
-8366
3894
7014
7014
6438
1814
7014
7014
7014
1074
5556
7014
6870
7014
7014
7014
2596
7014
7014
7014
7014
3488
7014
7014
7014
7014
7014
7014
7014
7014
7014
7014
7014
7014
6990
744
7014
7014
7014
2690
6930
2486
7014
4770
-6270
7014
4534
7014
6040
7014
286
6870
6002
7014
6966
2782
7014
6870
7014
7014
7014
6330
7014
7014
6918
7014
5730
7014
7014
7014
6998
7014
7014
7014
7014
-2506
7014
7014
7014
3750
7014
7014
7014
6438
4278
7014
7014
7014
7014
6870
7014
7014
7014
7014
3894
7014
7014
7014
7014
7014
7014
7014
7014
6470
5958
7014
7014
7014
3318
7014
7014
7014
7014
7014
7014
4350
7010
7014
7014
6254
7014
4770
7014
7014
7014
7014
7014
7014
-6608
7014
3894
7014
7014
-8472
7014
7014
7014
