-2010
-2010
-2014
-2010
-2010
-2014
-2010
-2014
-8064
-2014
-2010
-2014
-2010
-5734
-2010
-2014
-2014
-2014
-2010
-2016
-2010
-2010
-2010
-2014
-2014
-2010
-2014
-2014
-2014
-2046
-10992
-2674
-2138
-2010
-2094
-3638
-2010
-2010
-2014
-2014
-2014
-2014
-2010
-2010
-12090
-2300
-2010
-2010
-3258
-2010
-2010
-4746
-6240
-2014
-7738
-8832
-2010
-2014
-2014
-2010
-2014
-2010
-2010
-2014
-2010
-2014
-2022
-2010
-2014
-3260
-5054
-3072
-2010
-7210
-2010
-7420
-8512
-2010
-2062
-2010
-2010
-2010
-2014
-2014
-2010
-3466
-6242
-2430
-16120
-5134
-7420
-2010
-2010
-2014
-18754
-2010
-2014
-4826
-2010
-2014
-2170
-2014
-2014
-2010
-2014
-2010
-2010
-2010
-2010
-4460
-2010
-2010
-2014
-2010
-16894
-4978
-2010
-2014
-2662
-7010
-2010
-2014
-2010
-7734
-3360
-2010
-2122
-2010
-2014
-2010
-6240
-2014
-2014
-2014
-2014
-5372
-2010
-2010
-2010
-2010
-2010
-2010
-2010
-2014
-2010
-2014
-2014
-2010
-2054
-8064
-2014
-2010
-2014
-6150
-2070
-6286
-2014
-4386
-14970
-2014
-4338
-2014
-2840
-2014
-8510
-2190
-2934
-2010
-2042
-6058
-2010
-2122
-2010
-2010
-2010
-2622
-2010
-2010
-2082
-2010
-3422
-2010
-2014
-2014
-2046
-2010
-2010
-2014
-2010
-11262
-2010
-2010
-2010
-5086
-2010
-2010
-2010
-2526
-4606
-2014
-2010
-2010
-2010
-2122
-2010
-2014
-2010
-2010
-4978
-2010
-2010
-2014
-2010
-2014
-2014
-2010
-2014
-2490
-2982
-2010
-2010
-2010
-5538
-2014
-2010
-2014
-2010
-2010
-2010
-4530
-2026
-2010
-2010
-2698
-2014
-4386
-2010
-2014
-2010
-2014
-2010
-2014
-15080
-2010
-4974
-2014
-2014
-17148
-2014
-2014
-2010
