2256
2256
2257
2256
2256
2257
2256
2257
2202
2257
2256
2257
2256
2205
2256
2257
2257
2257
2256
2257
2256
2256
2256
2257
2257
2256
2257
2257
2257
2261
2190
2230
2248
2256
2262
2228
2256
2256
2257
2257
2257
2257
2256
2256
2184
2268
2256
2256
2280
2256
2256
2218
2209
2257
2203
2177
2256
2257
2257
2256
2257
2256
2256
2257
2256
2254
2258
2256
2257
2231
2217
2234
2256
2204
2256
2204
2200
2256
2251
2256
2256
2256
2257
2257
2256
2228
2210
2270
2171
2217
2204
2256
2256
2257
2164
2256
2257
2219
2256
2257
2264
2257
2257
2256
2257
2256
2256
2256
2256
2221
2256
2256
2257
2256
2132
2218
2256
2257
2275
2206
2256
2257
2256
2202
2229
2256
2248
2256
2257
2256
2209
2257
2257
2257
2257
2215
2256
2256
2256
2256
2256
2256
2256
2257
2256
2257
2257
2256
2261
2202
2257
2256
2257
2210
2250
2193
2257
2289
2175
2257
2218
2257
2220
2257
2199
2265
2234
2256
2252
2210
2256
2248
2256
2256
2256
2238
2256
2256
2250
2256
2288
2256
2257
2257
2261
2256
2256
2257
2256
2189
2256
2256
2256
2209
2256
2256
2256
2241
2221
2257
2256
2256
2256
2248
2256
2257
2256
2256
2218
2256
2256
2257
2256
2257
2257
2256
2257
2240
2235
2256
2256
2256
2214
2257
2256
2257
2256
2256
2256
2220
2259
2256
2256
2238
2257
2289
2256
2257
2256
2257
2256
2257
2118
2256
2217
2257
2257
2169
2257
2257
2256
