-20523
-20523
-20175
-17435
-17278
-11494
-11494
-11494
-5169
-5169
-5169
-5169
-5169
-5169
-4524
-4524
-4061
-3938
-3938
-3341
-3000
-3000
-2936
-2528
-2528
-2447
-2447
-2447
-2408
-2286
-2193
-2011
-2011
-1975
-1975
-1803
-1740
-1652
-1633
-1177
-1177
-1107
-1107
-1087
-1087
-1087
-1065
-1065
-984
-964
-859
-808
-808
-799
-799
-799
-779
-768
-744
-615
-615
-560
-530
-530
-520
-520
-520
-492
-485
-485
-485
-485
-447
-447
-447
-441
-441
-441
-441
-402
-402
-396
-396
-396
-396
-390
-390
-390
-366
-366
-366
-366
-355
-355
-355
-355
-353
-353
-353
-342
-308
-308
-308
-308
-305
-278
-278
-263
-227
-218
-218
-218
-218
-218
-218
-218
-218
-218
-218
-218
-186
-177
-177
-177
-177
-177
-175
-175
-175
-166
-166
-161
-161
-161
-161
-161
-151
-151
-146
-146
-146
-146
-146
-146
-22
-22
-22
-22
-22
-22
-22
-22
-22
-22
-12
-12
37
37
37
37
37
37
37
37
37
93
93
93
102
102
102
102
102
102
102
102
102
102
102
102
102
102
107
107
108
108
108
154
160
160
160
160
160
160
160
160
160
160
160
163
163
163
163
163
163
163
163
163
163
163
166
166
166
166
166
166
166
166
194
194
194
194
194
194
194
194
194
204
204
211
221
221
221
221
222
222
222
239
239
239
239
239
244
244
244
244
244
244
249
249
249
258
258
258
268
275
275
275
275
275
285
285
285
285
285
285
285
285
285
285
285
285
285
285
285
285
306
306
306
306
307
307
307
307
307
307
307
307
307
307
307
307
307
307
307
307
307
307
313
313
313
313
313
313
313
313
335
335
335
357
357
357
357
357
357
357
357
357
357
357
375
375
375
375
375
375
375
375
375
375
375
393
393
393
393
393
393
393
398
398
398
401
401
401
401
401
401
411
411
411
411
411
414
414
414
414
429
429
429
429
432
432
432
432
432
432
462
462
462
462
462
462
462
462
462
462
462
466
466
466
466
466
466
466
466
466
466
466
466
466
466
466
466
472
472
472
473
473
479
479
479
479
481
481
481
481
481
481
481
481
481
481
481
481
481
506
506
506
506
506
506
506
506
506
506
506
506
506
506
506
506
506
506
508
508
511
511
511
511
511
511
511
514
514
514
514
514
514
514
514
516
516
516
516
516
516
516
516
516
516
516
516
516
516
516
516
517
517
517
517
517
517
519
519
520
520
520
520
520
520
520
520
520
520
520
520
520
520
520
520
520
520
520
520
520
520
534
534
534
534
534
534
534
534
534
534
570
570
570
570
570
570
570
570
570
570
570
570
570
570
570
570
585
585
585
588
588
588
588
588
588
591
591
600
603
603
603
603
603
603
603
603
603
603
603
603
603
603
603
603
603
603
603
603
603
603
606
606
606
606
606
606
606
606
606
606
606
606
606
606
606
606
606
606
606
606
606
606
606
606
606
606
606
606
606
606
606
606
606
606
606
606
606
606
606
606
606
611
611
611
611
611
611
611
611
611
611
621
621
621
621
621
621
621
621
621
621
621
621
621
621
621
621
624
624
624
624
624
624
624
624
628
628
628
628
628
628
628
628
628
631
631
631
631
631
631
631
631
631
631
631
631
631
631
631
631
631
631
631
631
631
631
631
631
631
631
631
631
631
631
631
631
631
631
631
631
631
631
632
632
632
632
632
632
632
632
632
632
634
634
634
634
634
640
640
640
640
640
640
640
640
640
640
640
640
640
640
640
640
641
642
642
643
643
643
643
643
643
643
643
643
643
643
643
643
643
643
643
643
643
643
643
644
644
644
644
644
644
644
644
644
644
644
644
644
644
644
644
648
648
648
648
654
654
654
655
655
655
655
655
655
655
655
655
655
655
655
655
655
655
655
655
655
655
655
655
655
655
655
655
655
655
655
655
655
655
655
655
655
655
655
655
655
655
655
655
655
655
656
656
656
656
656
656
656
656
656
656
656
656
656
657
657
657
657
657
657
657
657
657
657
660
660
660
663
663
663
663
663
663
663
663
663
663
663
663
663
663
663
663
663
663
663
663
663
663
663
663
663
663
663
663
663
663
663
663
663
663
663
663
663
663
663
663
664
664
664
664
664
664
664
664
664
666
666
666
666
666
666
666
666
666
666
666
666
666
666
666
666
666
666
666
666
666
666
666
666
666
666
666
666
666
666
666
666
666
666
666
666
667
667
667
667
667
667
670
679
679
679
679
679
679
679
679
679
679
679
679
679
679
679
679
679
679
679
679
679
679
679
679
679
679
679
679
679
679
679
679
679
679
679
679
679
679
679
679
679
679
679
679
679
682
682
682
682
682
682
682
682
682
682
682
682
682
682
682
685
685
685
685
685
685
685
685
685
685
685
685
685
685
685
685
685
685
685
685
685
685
685
685
685
685
685
685
685
685
685
685
685
685
685
685
685
686
686
686
686
686
686
686
686
686
686
686
686
686
686
686
686
686
686
686
686
686
686
686
686
686
686
686
686
686
686
686
686
686
686
686
686
686
686
686
686
686
686
686
686
686
686
686
686
686
686
686
686
686
686
686
686
686
686
686
686
686
686
686
686
686
686
686
686
689
689
689
689
689
689
689
689
689
689
689
689
689
689
689
689
689
689
689
690
690
690
690
690
690
690
690
690
690
690
690
690
690
692
692
692
692
693
693
693
693
693
693
693
693
693
693
693
693
693
693
693
693
693
693
693
693
693
693
694
694
694
694
694
694
694
694
694
694
694
694
694
694
694
694
694
694
694
694
694
694
694
694
694
694
694
694
695
695
695
695
695
695
695
695
695
695
695
695
695
695
695
695
695
695
695
695
695
695
695
695
695
695
695
695
695
695
695
695
695
695
695
695
695
695
695
695
695
695
695
695
695
695
695
695
695
695
695
695
695
695
695
695
695
695
695
695
695
695
695
695
695
695
695
695
695
695
695
695
695
695
695
695
695
698
698
698
698
698
698
698
698
698
698
698
698
698
698
698
698
698
698
698
698
698
698
698
698
698
698
698
698
698
698
698
699
699
699
699
699
699
699
699
699
699
699
699
699
699
699
699
699
699
699
699
699
699
699
699
699
699
699
699
699
699
699
699
699
699
699
700
700
700
700
700
700
700
700
700
700
700
700
700
700
700
700
700
700
700
700
700
700
700
700
700
700
700
700
700
700
700
700
700
700
700
700
700
700
700
700
700
700
700
700
700
700
700
700
700
700
700
700
700
700
700
700
700
700
700
700
700
700
700
700
700
700
700
700
700
700
700
700
700
700
700
700
700
700
700
700
700
700
700
700
700
700
700
700
700
700
700
700
700
700
700
700
700
700
700
700
700
700
700
700
700
700
700
700
700
700
700
700
700
700
700
700
700
700
700
700
700
700
700
700
700
700
700
700
700
700
700
700
700
700
700
700
700
700
700
700
700
700
700
700
700
700
700
700
700
700
700
700
700
700
700
700
700
700
700
700
700
700
700
700
700
701
701
701
701
701
701
701
701
701
701
701
701
701
701
701
701
701
701
701
701
701
701
701
701
701
701
701
701
701
701
701
701
701
701
701
701
701
702
702
702
702
702
702
702
702
702
702
702
702
702
702
702
702
702
702
702
702
702
702
702
702
702
702
702
702
702
702
702
702
702
702
702
702
702
702
702
702
702
702
702
702
702
702
702
702
702
702
702
702
702
702
702
702
702
702
702
702
702
702
702
702
702
702
702
702
702
702
703
703
703
703
703
703
703
703
703
703
703
703
703
703
703
703
703
705
705
705
705
705
705
705
706
706
706
706
706
706
706
706
706
706
706
707
707
707
707
707
707
707
707
707
707
707
707
707
707
707
707
707
707
707
707
707
707
707
707
708
708
708
708
708
708
708
708
708
708
708
708
708
708
708
709
709
709
710
710
710
710
710
710
710
710
710
710
710
710
710
710
710
710
710
710
711
711
711
711
711
711
711
711
711
711
711
711
711
711
711
711
711
711
711
711
711
711
711
712
712
712
712
712
712
712
712
712
712
712
712
712
712
712
712
712
712
712
712
712
712
712
712
712
712
712
712
712
712
712
712
712
712
712
712
712
712
712
712
712
713
713
715
715
715
716
716
716
716
716
716
716
716
716
716
716
716
716
716
716
716
716
716
716
716
716
716
716
716
716
716
716
716
716
716
716
716
716
716
716
719
719
719
719
719
719
719
719
719
719
719
719
719
719
719
719
719
719
719
719
719
719
719
719
719
719
719
719
719
719
719
719
719
719
719
719
719
719
722
722
722
722
722
722
722
722
722
722
722
722
722
722
722
722
722
722
722
722
722
722
722
722
722
722
723
723
723
723
723
723
723
723
723
723
723
723
723
723
723
723
723
723
723
726
726
726
726
726
726
726
726
726
726
726
726
726
726
726
726
726
726
726
726
726
726
726
726
727
727
727
727
727
727
727
727
727
727
727
727
727
727
727
727
727
727
727
727
727
727
727
727
727
727
727
727
727
727
727
727
727
728
728
728
728
728
728
729
729
729
729
729
729
729
729
729
729
729
729
729
729
729
729
729
729
729
729
730
730
730
730
730
730
730
730
730
730
730
730
730
730
730
730
730
730
730
730
730
730
733
733
733
733
733
733
733
733
733
733
733
733
733
733
733
733
734
734
734
734
734
734
734
734
734
734
734
734
734
734
734
734
734
734
734
736
736
736
736
736
736
736
736
736
737
737
737
737
737
737
737
737
737
737
737
737
737
737
737
737
737
737
740
740
740
740
740
740
740
740
740
740
740
740
740
740
740
740
740
740
740
740
740
740
740
740
740
740
740
740
740
740
740
740
740
740
740
740
740
740
740
740
740
740
740
740
740
740
740
740
740
740
740
740
740
740
740
740
740
740
740
740
740
740
740
740
740
740
740
740
740
740
740
740
740
740
740
740
740
740
740
740
740
740
740
740
740
740
741
741
741
741
741
741
741
741
741
741
741
741
741
741
741
741
741
741
741
741
741
741
741
741
741
741
741
741
741
741
741
741
741
742
742
742
742
742
742
742
742
742
742
742
742
742
742
742
742
742
742
742
742
742
742
742
742
742
742
742
742
742
742
742
742
742
742
742
742
742
742
742
742
742
742
742
742
742
742
742
742
742
742
742
742
742
742
742
742
742
742
742
742
742
742
742
742
742
742
742
742
742
742
742
742
742
743
743
743
743
743
743
743
743
743
743
743
743
743
743
743
743
743
743
743
743
743
743
743
743
743
743
743
743
743
743
743
743
743
743
743
743
743
743
743
743
743
743
743
743
743
743
743
743
743
743
743
743
743
743
743
743
743
743
743
743
743
743
743
743
743
743
743
743
743
743
743
743
743
743
743
743
743
743
743
743
743
743
743
743
743
743
743
743
743
743
743
743
743
744
744
744
744
744
744
744
744
744
744
744
744
744
744
744
744
744
744
744
744
744
744
744
744
744
744
744
744
744
744
744
744
744
744
744
744
744
744
744
745
745
745
745
745
745
745
745
745
745
745
745
745
745
745
745
745
745
745
745
745
745
745
745
745
745
745
745
745
745
745
745
745
745
745
745
745
745
745
745
745
745
745
745
745
745
745
745
745
745
745
745
745
745
745
745
745
745
745
745
745
745
746
746
746
746
746
746
746
746
746
746
746
746
746
746
746
746
746
746
746
746
746
746
746
746
746
746
746
746
746
746
746
746
746
746
746
746
746
746
746
746
746
746
746
746
746
746
746
746
746
746
746
747
747
747
747
747
747
747
747
747
747
747
747
747
747
747
747
747
747
747
747
747
747
747
747
747
747
747
747
747
747
747
747
747
747
747
747
747
747
747
747
747
747
747
747
747
747
747
747
747
747
747
747
747
747
748
748
748
748
748
748
748
748
748
748
748
748
748
748
748
748
748
748
748
748
748
748
748
748
748
748
749
749
749
749
749
749
750
750
750
750
750
750
750
750
750
750
750
750
750
750
750
750
750
750
750
750
750
750
750
750
750
750
750
750
750
750
750
750
750
751
751
751
751
751
751
751
751
751
751
751
751
751
751
751
751
751
751
751
751
751
751
751
751
751
751
751
751
751
751
751
751
751
751
751
751
754
754
754
754
754
754
754
754
754
754
754
754
754
754
754
754
754
754
754
754
754
754
754
754
754
754
754
754
754
754
754
754
754
754
754
754
754
754
754
754
754
754
754
754
754
754
754
754
754
754
754
754
754
754
754
754
754
754
754
754
754
754
754
754
754
754
754
754
754
754
754
754
754
754
754
754
754
754
754
754
754
754
754
754
754
754
754
754
754
754
754
754
754
754
754
754
754
754
754
754
754
754
754
754
754
754
754
754
754
754
754
754
754
754
754
754
754
754
754
754
754
754
754
754
754
754
754
754
754
754
754
754
754
754
754
754
754
754
754
754
754
754
755
755
755
755
755
755
755
755
755
755
755
755
755
755
755
755
755
755
755
755
755
755
755
755
755
755
755
755
755
755
755
755
755
755
755
755
755
755
755
755
755
755
755
755
755
755
755
755
755
755
756
756
756
756
756
756
756
756
756
756
756
756
756
756
756
756
756
756
756
756
756
756
756
756
756
756
756
756
756
756
756
756
756
756
756
756
756
756
756
756
756
756
756
756
756
756
756
756
756
756
756
756
756
756
756
756
756
756
756
756
756
756
756
756
756
756
756
756
756
756
756
756
756
756
756
756
756
756
756
756
756
756
756
756
756
756
756
756
756
756
756
756
756
756
756
756
756
756
756
756
756
756
756
756
756
756
756
756
756
756
756
756
756
756
756
756
756
756
756
756
756
756
756
757
757
757
757
757
757
757
757
757
757
757
757
757
757
757
757
757
757
757
757
757
757
757
757
757
757
757
758
758
758
758
758
758
758
758
758
758
758
758
758
758
758
758
758
758
758
758
758
758
758
758
758
758
758
758
758
758
758
758
758
758
758
758
758
758
758
758
758
758
758
758
758
758
758
758
758
758
758
758
758
758
758
758
758
758
758
758
758
758
758
758
758
758
758
758
758
758
758
758
758
758
758
758
758
758
758
758
758
758
758
758
758
758
758
758
758
758
758
758
758
758
758
758
758
758
758
758
758
758
758
758
758
758
758
758
758
758
758
758
758
758
758
758
758
758
758
758
758
758
758
758
758
758
758
758
758
758
758
758
759
759
759
759
759
759
759
759
759
759
759
759
759
759
759
759
759
759
759
759
759
759
759
759
759
759
759
759
759
759
759
759
759
759
759
759
759
759
759
759
759
759
759
759
759
759
759
759
759
759
759
759
759
759
759
759
759
759
759
759
759
759
759
759
759
759
759
759
759
759
759
759
759
759
759
759
759
759
759
759
759
759
759
759
760
760
760
760
760
760
760
760
760
760
760
760
760
760
760
760
760
760
760
760
760
760
760
760
760
760
760
760
760
760
760
760
760
760
760
760
760
760
760
760
760
760
760
760
760
760
760
760
760
760
760
760
760
760
760
760
760
760
760
760
760
760
760
760
760
760
760
760
760
760
760
760
760
760
760
760
760
760
760
760
760
760
760
760
760
760
760
760
760
760
760
760
760
760
760
760
760
760
760
760
760
760
760
760
760
760
760
760
760
760
760
760
760
760
760
760
760
760
760
760
760
760
760
760
760
760
760
760
760
760
760
760
760
760
760
760
761
761
761
761
761
761
761
761
761
761
761
761
761
761
761
761
761
761
761
761
761
761
761
761
761
761
761
761
761
761
761
761
761
761
761
761
761
761
761
761
761
761
761
761
761
761
761
761
761
761
761
761
761
761
761
761
761
761
761
761
761
761
761
761
761
761
761
761
761
761
761
761
761
761
761
761
761
761
761
761
761
761
761
761
761
761
761
761
761
761
761
761
761
761
761
761
761
761
761
761
761
761
761
761
761
761
761
761
761
761
761
761
761
761
761
761
761
761
761
761
761
761
761
761
761
761
761
761
761
761
761
761
761
761
761
761
761
761
761
761
761
761
761
761
761
761
761
761
761
761
761
761
761
761
761
761
761
761
761
761
761
761
761
761
761
761
761
761
761
761
761
761
761
761
761
761
761
761
761
761
761
761
761
761
761
761
761
761
761
761
761
761
761
761
761
761
761
761
761
761
761
761
761
761
761
761
761
761
761
761
761
761
761
761
761
761
761
761
761
761
761
761
761
761
761
761
761
761
761
761
761
761
761
761
761
761
761
761
761
761
761
761
761
761
761
761
761
761
761
761
761
761
761
761
761
761
761
761
761
761
761
761
761
761
761
761
761
761
761
761
761
761
761
761
761
761
761
761
761
761
761
761
761
761
761
761
761
761
761
761
761
761
761
761
761
761
761
761
761
761
761
761
761
761
761
761
761
761
761
761
761
761
761
761
761
761
761
761
761
761
761
761
761
761
761
761
761
761
761
761
761
761
761
761
761
761
761
761
761
761
761
761
761
761
761
761
761
761
761
761
761
761
761
761
761
761
761
761
761
761
761
761
761
761
761
761
761
761
761
761
761
761
761
761
761
761
761
761
761
761
761
761
761
761
761
761
761
761
761
761
761
761
761
761
761
761
761
761
761
761
761
761
761
761
761
761
761
761
761
761
761
761
761
761
761
761
761
761
761
761
761
761
761
761
761
761
761
761
761
761
761
761
761
761
761
761
761
762
762
762
762
762
762
762
762
762
762
762
762
762
762
762
762
762
762
762
762
762
762
762
762
762
762
762
762
762
762
762
762
762
762
762
762
762
762
762
762
762
762
762
762
762
762
762
762
762
762
762
762
762
762
762
762
762
762
762
762
762
762
762
762
762
762
762
762
762
762
762
762
762
762
762
762
762
762
762
762
762
762
762
762
762
762
762
762
762
762
762
762
762
762
762
762
762
762
762
762
762
762
762
762
762
762
762
762
762
762
762
762
762
762
762
762
762
762
762
762
762
762
762
762
762
762
762
762
762
762
762
762
762
762
762
762
762
762
762
762
762
762
762
762
762
762
762
762
762
762
762
762
762
762
762
762
762
762
762
762
762
762
762
762
762
762
762
762
762
762
762
762
762
762
762
762
762
762
762
762
762
762
762
762
762
762
762
762
762
762
762
762
762
762
762
762
762
762
762
762
762
762
762
762
762
762
762
762
762
762
762
762
762
762
762
762
762
762
762
762
762
762
762
762
762
762
762
762
762
762
762
762
762
762
762
762
762
762
762
762
762
762
762
762
762
762
762
762
762
762
762
762
762
762
762
762
762
762
762
762
762
762
762
762
762
762
762
762
762
762
762
762
762
762
762
762
762
762
762
762
762
762
762
762
762
762
762
762
762
762
762
762
762
762
762
762
762
762
762
762
762
762
762
762
762
762
762
762
762
762
762
762
762
762
762
762
762
762
762
762
762
762
762
762
762
762
762
762
762
762
762
762
762
762
762
762
762
762
762
762
762
762
762
762
762
762
762
762
762
762
762
762
762
762
762
762
762
762
762
762
762
762
762
762
762
762
762
762
762
762
762
762
762
762
762
762
762
762
762
762
762
762
762
762
762
762
762
762
762
762
762
762
762
762
762
762
762
762
762
762
762
762
762
762
762
762
762
762
762
762
762
762
762
762
762
762
762
762
762
762
762
762
762
762
762
762
762
762
762
762
762
762
762
762
762
762
762
762
762
762
762
762
762
762
762
762
762
762
762
762
762
762
762
762
762
762
762
762
762
762
762
762
762
762
762
762
762
762
762
762
762
762
762
762
762
762
762
762
762
762
762
762
762
762
762
762
762
762
762
762
762
762
762
762
762
763
763
763
763
763
763
763
763
763
763
763
763
763
763
763
763
763
763
763
763
763
763
764
764
764
764
764
764
764
764
764
764
764
764
764
764
764
764
764
764
764
764
764
765
765
765
765
765
765
765
765
765
765
765
765
765
765
765
765
765
765
765
765
765
765
765
765
765
765
765
765
765
765
765
765
765
766
766
766
766
766
766
766
766
766
766
766
766
766
766
766
766
766
766
766
766
766
766
766
766
766
766
766
766
766
766
766
766
766
766
766
766
766
766
766
766
766
766
766
766
766
766
766
766
766
766
766
766
766
766
766
766
766
766
766
766
766
766
766
766
766
766
766
766
766
766
766
766
766
766
766
766
766
766
766
766
766
766
766
766
766
766
766
766
766
766
766
766
766
766
766
766
766
766
766
766
766
766
766
766
766
766
766
766
766
766
766
766
766
766
766
766
766
766
766
766
766
766
766
766
766
766
766
766
766
766
766
766
766
766
766
766
766
766
766
766
766
766
766
766
766
766
766
766
766
766
766
766
766
766
766
766
766
766
766
766
766
766
766
766
766
766
766
766
766
766
766
766
766
766
766
766
766
766
766
766
766
766
766
766
766
766
766
766
766
766
766
766
766
766
766
766
766
766
766
766
766
766
766
766
766
766
766
766
766
766
766
766
766
766
766
766
766
766
766
766
766
766
766
766
766
766
766
766
766
766
766
766
766
766
766
766
766
766
766
766
766
766
766
766
766
766
766
766
766
766
766
766
766
766
766
766
766
766
766
766
766
766
766
766
766
766
766
766
766
766
766
766
766
766
766
766
766
766
766
766
766
766
766
766
766
766
766
766
766
766
766
766
766
766
766
766
766
766
766
766
766
766
766
766
766
766
766
766
766
766
766
766
766
766
766
766
766
766
766
766
766
766
766
766
766
766
766
766
766
766
766
766
766
766
766
766
766
766
766
766
766
766
766
766
766
766
766
766
766
766
766
766
766
766
766
766
766
766
766
766
766
766
766
766
766
766
766
766
766
766
766
766
766
766
766
766
766
766
766
766
766
766
766
766
766
766
766
766
766
766
766
766
766
766
766
766
766
766
766
766
766
766
766
766
766
766
766
766
766
766
766
766
766
766
766
766
766
766
766
766
766
766
766
766
766
766
766
766
766
766
766
766
766
766
766
766
766
766
766
766
766
766
766
766
766
766
766
766
766
766
766
766
766
766
766
766
766
766
766
766
766
766
766
766
766
766
766
766
766
766
766
766
766
766
766
766
766
766
766
766
766
766
766
766
766
766
766
766
766
766
766
766
766
766
766
766
766
766
766
766
766
766
766
766
766
766
766
766
766
766
766
766
766
766
766
766
766
766
766
766
766
766
766
766
766
766
766
766
766
766
766
766
766
766
766
766
766
766
766
766
766
766
766
766
766
766
766
766
766
766
766
766
766
766
766
766
766
766
766
766
766
766
766
766
766
766
766
766
766
766
766
766
766
766
766
766
766
766
766
766
766
766
766
766
766
766
766
766
766
766
766
766
766
766
766
766
766
766
766
766
766
766
766
766
766
766
766
766
766
766
767
767
767
767
767
767
767
767
767
767
767
767
767
767
767
767
767
767
767
767
767
767
767
767
767
767
767
767
767
767
767
767
767
767
767
767
767
767
767
767
767
767
767
767
767
767
767
767
767
767
767
767
767
767
767
767
767
767
767
767
767
767
767
767
767
767
767
767
767
767
767
767
767
767
767
767
767
767
767
767
767
767
767
767
767
767
767
767
767
767
767
767
767
767
767
767
767
767
767
767
767
767
767
767
767
768
768
768
768
768
768
768
768
768
768
768
768
768
768
768
768
768
768
768
768
768
768
768
768
768
768
768
768
768
768
768
768
768
768
768
768
768
768
768
768
768
768
768
768
768
768
768
768
768
768
768
768
768
768
768
768
768
768
768
768
768
768
768
768
768
768
768
768
768
768
768
768
768
768
768
768
768
768
768
768
768
768
768
768
768
768
768
768
768
768
768
768
768
768
768
768
768
768
768
768
768
768
768
768
768
768
768
768
768
768
768
768
768
768
768
768
768
768
768
768
769
769
769
769
769
769
769
769
769
769
769
769
769
769
769
769
769
769
769
769
769
769
769
769
769
769
769
769
769
769
769
769
769
769
769
769
769
769
769
769
769
769
769
769
769
769
769
769
769
769
769
769
769
769
769
769
769
769
769
769
769
769
769
769
769
769
769
769
769
769
769
769
769
769
769
769
769
769
769
769
769
769
769
769
769
769
769
769
769
769
769
769
769
769
769
769
769
769
769
769
769
769
769
769
769
769
769
769
769
769
769
769
769
769
769
769
769
769
769
769
769
769
769
769
769
769
769
769
769
769
769
769
769
769
769
769
769
769
769
769
769
769
769
769
769
769
769
769
769
769
769
769
769
769
769
769
769
769
769
769
769
769
769
769
769
769
769
769
769
769
769
769
769
769
769
769
769
769
769
769
769
769
769
769
769
769
769
769
769
769
769
769
769
769
769
769
769
769
769
769
769
769
769
769
769
769
769
769
769
769
769
769
769
769
769
769
769
769
769
769
769
769
769
769
769
769
769
769
769
769
769
769
769
769
769
769
769
769
769
769
769
769
769
769
769
769
769
769
769
769
769
769
769
769
769
769
769
769
769
769
769
769
769
769
769
769
769
769
769
769
769
769
769
769
769
769
769
769
769
769
769
769
769
769
769
769
769
769
769
769
769
769
769
769
769
769
769
769
769
769
769
769
769
769
769
769
769
769
769
769
769
769
769
769
769
769
769
769
769
769
769
769
769
769
769
769
769
769
769
769
769
769
769
769
769
769
769
769
769
769
769
769
769
769
769
769
769
769
769
769
769
769
769
769
769
769
769
769
769
769
769
769
769
769
769
769
769
769
769
769
769
769
769
769
769
769
769
769
769
769
769
769
769
769
769
769
769
769
769
769
769
769
769
769
769
769
769
769
769
769
769
769
769
769
769
769
769
769
769
769
769
769
769
769
769
769
769
769
769
769
769
769
769
769
769
769
769
769
769
769
769
769
769
769
769
769
769
769
769
769
769
769
769
769
769
769
769
769
769
769
769
769
769
769
769
769
769
769
769
769
769
769
769
769
769
769
769
769
769
769
769
769
769
769
769
769
769
769
769
769
769
769
769
769
769
769
769
769
769
769
769
769
769
769
769
769
769
769
769
769
769
769
769
769
769
769
769
769
769
769
769
769
769
769
769
769
769
769
769
769
769
769
769
769
769
769
769
769
769
769
769
769
769
769
769
769
769
769
769
769
769
769
769
769
769
769
769
769
769
769
769
769
769
769
769
769
769
769
769
769
769
769
769
769
769
769
769
769
769
769
769
769
769
769
769
769
769
769
769
769
769
769
769
769
769
769
769
769
769
769
769
769
769
769
769
769
769
769
769
769
769
769
769
769
769
769
769
769
769
769
769
769
769
769
769
769
769
769
769
769
769
769
769
769
769
769
769
769
769
769
769
769
769
769
769
769
769
769
769
769
769
769
769
769
769
769
769
769
769
769
769
769
769
769
769
769
769
769
769
769
769
769
769
769
769
769
769
769
769
769
769
769
769
769
769
769
769
769
769
769
769
769
769
769
769
769
769
769
769
769
769
769
769
769
769
769
769
769
769
769
769
769
769
769
769
769
769
769
769
769
769
769
769
769
769
769
769
769
769
769
769
769
769
769
769
769
769
769
769
769
769
769
769
769
769
769
769
769
769
769
769
769
769
769
769
769
769
769
769
769
769
769
769
769
769
769
769
769
769
769
769
769
769
769
769
769
769
769
769
769
769
769
769
769
769
769
769
769
769
769
769
769
769
769
769
769
769
769
769
769
769
769
769
769
769
769
769
769
769
769
769
769
769
769
769
769
769
769
769
769
769
769
769
769
769
769
769
769
769
769
769
769
769
769
769
769
769
769
769
769
769
769
769
769
769
769
769
769
769
769
769
769
769
769
769
769
769
769
769
769
769
769
769
769
769
769
769
769
769
769
769
769
769
769
769
769
769
769
769
769
769
769
769
769
769
769
769
769
769
769
769
769
769
769
769
769
769
769
769
769
769
769
769
769
769
769
769
769
769
769
769
769
769
769
769
769
769
769
769
769
769
769
769
769
769
769
769
769
769
769
769
769
769
769
769
769
769
769
769
769
769
769
769
769
769
769
769
769
769
769
769
769
769
769
769
769
769
769
769
769
769
769
769
769
769
769
769
769
769
769
769
769
769
769
769
769
769
769
769
769
769
769
769
769
769
769
769
769
769
769
769
769
769
769
769
769
769
769
769
769
769
769
769
769
769
769
769
769
769
769
769
769
769
769
769
769
769
769
769
769
769
769
769
769
769
769
769
769
769
769
769
769
769
769
769
769
769
769
769
769
769
769
769
769
769
769
769
769
769
769
769
769
769
769
769
769
769
769
769
769
769
769
769
769
769
769
769
769
769
769
769
769
769
769
769
769
769
769
769
769
769
769
769
769
769
769
769
769
769
769
769
769
769
769
769
769
769
769
769
769
769
769
769
769
769
769
769
769
769
769
769
769
769
769
769
769
769
769
769
769
769
769
769
769
769
769
769
769
769
769
769
769
769
769
769
769
769
769
769
769
769
769
769
769
769
769
769
769
769
769
769
769
769
769
769
769
769
769
769
769
769
769
769
769
769
769
769
769
769
769
769
769
769
769
769
769
769
769
769
769
769
769
769
769
769
769
769
769
769
769
769
769
769
769
769
769
769
769
769
769
769
769
769
769
769
769
769
769
769
769
769
769
769
769
769
769
769
769
769
769
769
769
769
769
769
769
769
769
769
769
769
769
769
769
769
769
769
769
769
769
769
769
769
769
769
769
769
769
769
769
769
769
769
769
769
769
769
769
769
769
769
769
769
769
769
769
769
769
769
769
769
769
769
769
769
769
769
769
769
769
769
769
769
769
769
769
769
769
769
769
769
769
769
769
769
769
769
769
769
769
769
769
769
769
769
769
769
769
769
769
769
769
769
769
769
769
769
769
769
769
769
769
769
769
769
769
769
769
769
769
769
769
769
769
769
769
769
769
769
769
769
769
769
769
769
769
769
769
769
769
769
769
769
769
769
769
769
769
769
769
769
769
769
769
769
769
769
769
769
769
769
769
769
769
769
769
769
769
769
769
769
769
769
769
769
769
769
769
769
769
769
769
769
769
769
769
769
769
769
769
769
769
769
769
769
769
769
769
769
769
769
769
769
769
769
769
769
769
769
769
769
769
769
769
769
769
769
769
769
769
769
769
769
769
769
769
769
769
769
769
769
769
769
769
769
769
769
769
769
769
769
769
769
769
769
769
769
769
769
769
769
769
769
769
769
769
769
769
769
769
769
769
769
769
769
769
769
769
769
769
769
769
769
769
769
769
769
769
769
769
769
769
769
769
769
769
769
769
769
769
769
769
769
769
769
769
769
769
769
769
769
769
769
769
769
769
769
769
769
769
769
769
769
769
769
769
769
769
769
769
769
769
769
769
769
769
769
769
769
769
769
769
769
769
769
769
769
769
769
769
769
769
769
769
769
769
769
769
769
769
769
769
769
769
769
769
769
769
769
769
769
769
769
769
769
769
769
769
769
769
769
769
769
769
769
769
769
769
769
769
769
769
769
769
769
769
769
769
769
769
769
769
769
769
769
769
769
769
769
769
769
769
769
769
769
769
769
769
769
769
769
769
769
769
769
769
769
769
769
769
769
769
769
769
769
769
769
769
769
769
769
769
769
769
769
769
769
769
769
769
769
769
769
769
769
769
769
769
769
769
769
769
769
769
769
769
769
769
769
769
769
769
769
769
769
769
769
769
769
769
769
769
769
769
769
769
769
769
769
769
769
769
769
769
769
769
769
769
769
769
769
769
769
769
769
769
769
769
769
769
769
769
769
769
769
769
769
769
769
769
769
769
769
769
769
769
769
769
769
769
769
769
769
769
769
769
769
769
769
769
769
769
769
769
769
769
769
769
769
769
769
769
769
769
769
769
769
769
769
769
769
769
769
769
769
769
769
769
769
769
769
769
769
769
769
769
769
769
769
769
769
769
769
769
769
769
769
769
769
769
769
769
769
769
769
769
769
769
769
769
769
769
769
769
769
769
769
769
769
769
769
769
769
769
769
769
769
769
769
769
769
769
769
769
769
769
769
769
769
769
769
769
769
769
769
769
769
769
769
769
769
769
769
769
769
769
769
769
769
769
769
769
769
769
769
769
769
769
769
769
769
769
769
769
769
769
769
769
769
769
769
769
769
769
769
769
769
769
769
769
769
769
769
769
769
769
769
769
769
769
769
769
769
769
769
769
769
769
769
769
769
769
769
769
769
769
769
769
769
769
769
769
769
769
769
769
769
769
769
769
769
769
769
769
769
769
769
769
769
769
769
769
769
769
769
769
769
769
769
769
769
769
769
769
769
769
769
769
769
769
769
769
769
769
769
769
769
769
769
769
769
769
769
769
769
769
769
769
769
769
769
769
769
769
769
769
769
769
769
769
769
769
769
769
769
769
769
769
769
769
769
769
769
769
769
769
769
769
769
769
769
769
769
769
769
769
769
769
769
769
769
769
769
769
769
769
769
769
769
769
769
769
769
769
769
769
769
769
769
769
769
769
769
769
769
769
769
769
769
769
769
769
769
769
769
769
769
769
769
769
769
769
769
769
769
769
769
769
769
769
769
769
769
769
769
769
769
769
769
769
769
769
769
769
769
769
769
769
769
769
769
769
769
769
769
769
769
769
769
769
769
769
769
769
769
769
769
769
769
769
769
769
769
769
769
769
769
769
769
769
769
769
769
769
769
769
769
769
769
769
769
769
769
769
769
769
769
769
769
769
769
769
769
769
769
769
769
769
769
769
769
769
769
769
769
769
769
769
769
769
769
769
769
769
769
769
769
769
769
769
769
769
769
769
769
769
769
769
769
769
769
769
769
769
769
769
769
769
769
769
769
769
769
769
769
769
769
769
769
769
769
769
769
769
769
769
769
769
769
769
769
769
769
769
769
769
769
769
769
769
769
769
769
769
769
769
769
769
769
769
769
769
769
769
769
769
769
769
769
769
769
769
769
769
769
769
769
769
769
769
769
769
769
769
769
769
769
769
769
769
769
769
769
769
769
769
769
769
769
769
769
769
769
769
769
769
769
769
769
769
769
769
769
769
769
769
769
769
769
769
769
769
769
769
769
769
769
769
769
769
769
769
769
769
769
769
769
769
769
769
769
769
769
769
769
769
769
769
769
769
769
769
769
769
769
769
769
769
769
769
769
769
769
769
769
769
769
769
769
769
769
769
769
769
769
769
769
769
769
769
769
769
769
769
769
769
769
769
769
769
769
769
769
769
769
769
769
769
769
769
769
769
769
769
769
769
769
769
769
769
769
769
769
769
769
769
769
769
769
769
769
769
769
769
769
769
769
769
769
769
769
769
769
769
769
769
769
769
769
769
769
769
769
769
769
769
769
769
769
769
769
769
769
769
769
769
769
769
769
769
769
769
769
769
769
769
769
769
769
769
769
769
769
769
769
769
769
769
769
769
769
769
769
769
769
769
769
769
769
769
769
769
769
769
769
769
769
769
769
769
769
769
769
769
769
769
769
769
769
769
769
769
769
769
769
769
769
769
769
769
769
769
769
769
769
769
769
769
769
769
769
769
769
769
769
769
769
769
769
769
769
769
769
769
769
769
769
769
769
769
769
769
769
769
769
769
769
769
769
769
769
769
769
769
769
769
769
769
769
769
769
769
769
769
769
769
769
769
769
769
769
769
769
769
769
769
769
769
769
769
769
769
769
769
769
769
769
769
769
769
769
769
769
769
769
769
769
769
769
769
769
769
769
769
769
769
769
769
769
769
769
769
769
769
769
769
769
769
769
769
769
769
769
769
769
769
769
769
769
769
769
769
769
769
769
769
769
769
769
769
769
769
769
769
769
769
769
769
769
769
769
769
769
769
769
769
769
769
769
769
769
769
769
769
769
769
769
769
769
769
769
769
769
769
769
769
769
769
769
769
769
769
769
769
769
769
769
769
769
769
769
769
769
769
769
769
769
769
769
769
769
769
769
769
769
769
769
769
769
769
769
769
769
769
769
769
769
769
769
769
769
769
769
769
769
769
769
769
769
769
769
769
769
769
769
769
769
769
769
769
769
769
769
769
769
769
769
769
769
769
769
769
769
769
769
769
769
769
769
769
769
769
769
769
769
769
769
769
769
769
769
769
769
769
769
769
769
769
769
769
769
769
769
769
769
769
769
769
769
769
769
769
769
769
769
769
769
769
769
769
769
769
769
769
769
769
769
769
769
769
769
769
769
769
769
769
769
769
769
769
769
769
769
769
769
769
769
769
769
769
769
769
769
769
769
769
769
769
769
769
769
769
769
769
769
769
769
769
769
769
769
769
769
769
769
769
769
769
769
769
769
769
769
769
769
769
769
769
769
769
769
769
769
769
769
769
769
769
769
769
769
769
769
769
769
769
769
769
769
769
769
769
769
769
769
769
769
769
769
769
769
769
769
769
769
769
769
769
769
769
769
769
769
769
769
769
769
769
769
769
769
769
769
769
769
769
769
769
769
769
769
769
769
769
769
769
769
769
769
769
769
769
769
769
769
769
769
769
769
769
769
769
769
769
769
769
769
769
769
769
769
769
769
769
769
769
769
769
769
769
769
769
769
769
769
769
769
769
769
769
769
769
769
769
769
769
769
769
769
769
769
769
769
769
769
769
769
769
769
769
769
769
769
769
769
769
769
769
769
769
769
769
769
769
769
769
769
769
769
769
769
769
769
769
769
769
769
769
769
769
769
769
769
769
769
769
769
769
769
769
769
769
769
769
769
769
769
769
769
769
769
769
769
769
769
769
769
769
769
769
769
769
769
769
769
769
769
769
769
769
769
769
769
769
769
769
769
769
769
769
769
769
769
769
769
769
769
769
769
769
769
769
769
769
769
769
769
769
769
769
769
769
769
769
769
769
769
769
769
769
769
769
769
769
769
769
769
769
769
769
769
769
769
769
769
769
769
769
769
769
769
769
769
769
769
769
769
769
769
769
769
769
769
769
769
769
769
769
769
769
769
769
769
769
769
769
769
769
769
769
769
769
769
769
769
769
769
769
769
769
769
769
769
769
769
769
769
769
769
769
769
769
769
769
769
769
769
769
769
769
769
769
769
769
769
769
769
769
769
769
769
769
769
769
769
769
769
769
769
769
769
769
769
769
769
769
769
769
769
769
769
769
769
769
769
769
769
769
769
769
769
769
769
769
769
769
769
769
769
769
769
769
769
769
769
769
769
769
769
769
769
769
769
769
769
769
769
769
769
769
769
769
769
769
769
769
769
769
769
769
769
769
769
769
769
769
769
769
769
769
769
769
769
769
769
769
769
769
769
769
769
769
769
769
769
769
769
769
769
769
769
769
769
769
769
769
769
769
769
769
769
769
769
769
769
769
769
769
769
769
769
769
769
769
769
769
769
769
769
769
769
769
769
769
769
769
769
769
769
769
769
769
769
769
769
769
769
769
769
769
769
769
769
769
769
769
769
769
769
769
769
769
769
769
769
769
769
769
769
769
769
769
769
769
769
769
769
769
769
769
769
769
769
769
769
769
769
769
769
769
769
769
769
769
769
769
769
769
769
769
769
769
769
769
769
769
769
769
769
769
769
769
769
769
769
769
769
769
769
769
769
769
769
769
769
769
769
769
769
769
769
769
769
769
769
769
769
769
769
769
769
769
769
769
769
769
769
769
769
769
769
769
769
769
769
769
769
769
769
769
769
769
769
769
769
769
769
769
769
769
769
769
769
769
769
769
769
769
769
769
769
769
769
769
769
769
769
769
769
769
769
769
769
769
769
769
769
769
769
769
769
769
769
769
769
769
769
769
769
769
769
769
769
769
769
769
769
769
769
769
769
769
769
769
769
769
769
769
769
769
769
769
769
769
769
769
769
769
769
769
769
769
769
769
769
769
769
769
769
769
769
769
769
769
769
769
769
769
769
769
769
769
769
769
769
769
769
769
769
769
769
769
769
769
769
769
769
769
769
769
769
769
769
769
769
769
769
769
769
769
769
769
769
769
769
769
769
769
769
769
769
769
769
769
769
769
769
769
769
769
769
769
769
769
769
769
769
769
769
769
769
769
769
769
769
769
769
769
769
769
769
769
769
769
769
769
769
769
769
769
769
769
769
769
769
769
769
769
769
769
769
769
769
769
769
769
769
769
769
769
769
769
769
769
769
769
769
769
769
769
769
769
769
769
769
769
769
769
769
769
769
769
769
769
769
769
769
769
769
769
769
769
769
769
769
769
769
769
769
769
769
769
769
769
769
769
769
769
769
769
769
769
769
769
769
769
769
769
769
769
769
769
769
769
769
769
769
769
769
769
769
769
769
769
769
769
769
769
769
769
769
769
769
769
769
769
769
769
769
769
769
769
769
769
769
769
769
769
769
769
769
769
769
769
769
769
769
769
769
769
769
769
769
769
769
769
769
769
769
769
769
769
769
769
769
769
769
769
769
769
769
769
769
769
769
769
769
769
769
769
769
769
769
769
769
769
769
769
769
769
769
769
769
769
769
769
769
769
769
769
769
769
769
769
769
769
769
769
769
769
769
769
769
769
769
769
769
769
769
769
769
769
769
769
769
769
769
769
769
769
769
769
769
769
769
769
769
769
769
769
769
769
769
769
769
769
769
769
769
769
769
769
769
769
769
769
769
769
769
769
769
769
769
769
769
769
769
769
769
769
769
769
769
769
769
769
769
769
769
769
769
769
769
769
769
769
769
769
769
769
769
769
769
769
769
769
769
769
769
769
769
769
769
769
769
769
769
769
769
769
769
769
769
769
769
769
769
769
769
769
769
769
769
769
769
769
769
769
769
769
769
769
769
769
769
769
769
769
769
769
769
769
769
769
769
769
769
769
769
769
769
769
769
769
769
769
769
769
769
769
769
769
769
769
769
769
769
769
769
769
769
769
769
769
769
769
769
769
769
769
769
769
769
769
769
769
769
769
769
769
769
769
769
769
769
769
769
769
769
769
769
769
769
769
769
769
769
769
769
769
769
769
769
769
769
769
769
769
769
769
769
769
769
769
769
769
769
769
769
769
769
769
769
769
769
769
769
769
769
769
769
769
769
769
769
769
769
769
769
769
769
769
769
769
769
769
769
769
769
769
769
769
769
769
769
769
769
769
769
769
769
769
769
769
769
769
769
769
769
769
769
769
769
769
769
769
769
769
769
769
769
769
769
769
769
769
769
769
769
769
769
769
769
769
769
769
769
769
769
769
769
769
769
769
769
769
769
769
769
769
769
769
769
769
769
769
769
769
769
769
769
769
769
769
769
769
769
769
769
769
769
769
769
769
769
769
769
769
769
769
769
769
769
769
769
769
769
769
769
769
769
769
769
769
769
769
769
769
769
769
769
769
769
769
769
769
769
769
769
769
769
769
769
769
769
769
769
769
769
769
769
769
769
769
769
769
769
769
769
769
769
769
769
769
769
769
769
769
769
769
769
769
769
769
769
769
769
769
769
769
769
769
769
769
769
769
769
769
769
769
769
769
769
769
769
769
769
769
769
769
769
769
769
769
769
769
769
769
769
769
769
769
769
769
769
769
769
769
769
769
769
769
769
769
769
769
769
769
769
769
769
769
769
769
769
769
769
769
769
769
769
769
769
769
769
769
769
769
769
769
769
769
769
769
769
769
769
769
769
769
769
769
769
769
769
769
769
769
769
769
769
769
769
769
769
769
769
769
769
769
769
769
769
769
769
769
769
769
769
769
769
769
769
769
769
769
769
769
769
769
769
769
769
769
769
769
769
769
769
769
769
769
769
769
769
769
769
769
769
769
769
769
769
769
769
769
769
769
769
769
769
769
769
769
769
769
769
769
769
769
769
769
769
769
769
769
769
769
769
769
769
769
769
769
769
769
769
769
769
769
769
769
769
769
769
769
769
769
769
769
769
769
769
769
769
769
769
769
769
769
769
769
769
769
769
769
769
769
769
769
769
769
769
769
769
769
769
769
769
769
769
769
769
769
769
769
769
769
769
769
769
769
769
769
769
769
769
769
769
769
769
769
769
769
769
769
769
769
769
769
769
769
769
769
769
769
769
769
769
769
769
769
769
769
769
769
769
769
769
769
769
769
769
769
769
769
769
769
769
769
769
769
769
769
769
769
769
769
769
769
769
769
769
769
769
769
769
769
769
769
769
769
769
769
769
769
769
769
769
769
769
769
769
769
769
769
769
769
769
769
769
769
769
769
769
769
769
769
769
769
769
769
769
769
769
769
769
769
769
769
769
769
769
769
769
769
769
769
769
769
769
769
769
769
769
769
769
769
769
769
769
769
769
769
769
769
769
769
769
769
769
769
769
769
769
769
769
769
769
769
769
769
769
769
769
769
769
769
769
769
769
769
769
769
769
769
769
769
769
769
769
769
769
769
769
769
769
769
769
769
769
769
769
769
769
769
769
769
769
769
769
769
769
769
769
769
769
769
769
769
769
769
769
769
769
769
769
769
769
769
769
769
769
769
769
769
769
769
769
769
769
769
769
769
769
769
769
769
769
769
769
769
769
769
769
769
769
769
769
769
769
769
769
769
769
769
769
769
769
769
769
769
769
769
769
769
769
769
769
769
769
769
769
769
769
769
769
769
769
769
769
769
769
769
769
769
769
769
769
769
769
769
769
769
769
769
769
769
769
769
769
769
769
769
769
769
769
769
769
769
769
769
769
769
769
769
769
769
769
769
769
769
769
769
769
769
769
769
769
769
769
769
769
769
769
769
769
769
769
769
769
769
769
769
769
769
769
769
769
769
769
769
769
769
769
769
769
769
769
769
769
769
769
769
769
769
769
769
769
769
769
769
769
769
769
769
769
769
769
769
769
769
769
769
769
769
769
769
769
769
769
769
769
769
769
769
769
769
769
769
769
769
769
769
769
769
769
769
769
769
769
769
769
769
769
769
769
769
769
