676
-3599
-2174
-1467
-955
-310
-2173
-3281
-341
-620
-9678
-364
-2559
-583
-366
207
204
-2078
248
662
606
660
249
85
-105
561
612
577
428
340
560
496
-313
590
-553
563
600
388
605
494
543
613
586
84
519
524
509
274
-2742
198
603
593
630
410
640
471
587
585
594
566
255
557
605
456
-264
379
410
-1274
352
385
420
457
-423
359
419
-476
222
407
553
-5210
116
329
578
284
226
274
83
-5790
466
-660
279
307
-877
292
296
47
229
-6163
-8938
372
460
407
352
363
359
-83
399
478
308
445
532
212
343
-9990
-134
-995
371
287
380
259
-9084
-789
572
374
-7264
392
307
454
-409
470
455
188
-5527
512
293
352
-5318
469
468
76
-1570
-191
278
176
-13
376
458
375
295
148
-8266
373
306
227
380
516
-1554
469
444
-6268
-104
147
245
-10463
394
348
169
229
559
217
-68
491
511
576
480
216
4
502
-518
192
496
187
150
335
131
90
518
324
125
510
-1575
-284
-463
399
373
674
647
516
283
334
-149
497
517
-6374
167
-1606
27
386
104
532
423
-955
428
-577
-14
660
662
553
253
-7854
311
491
-2655
524
366
260
504
395
494
521
534
323
449
-2967
461
-1190
-598
-3501
449
-12920
126
436
-6682
-185
282
228
-9425
-200
647
317
-21
