-1048
-5676
-4210
-3498
-2960
-2260
-4208
-5350
-2300
-2624
-11788
-2338
-4614
-2582
-2332
-1678
-1682
-4112
-1636
-1064
-1210
-1068
-1634
-1808
-2004
-1280
-1170
-1250
-1436
-1536
-1282
-1360
-2264
-1198
-2546
-1268
-1186
-1480
-1212
-1364
-1302
-1168
-1238
-1810
-1334
-1328
-1346
-1604
-4800
-1694
-1216
-1194
-1136
-1456
-1098
-1390
-1236
-1240
-1228
-1262
-1590
-1272
-1212
-1396
-2084
-1442
-1406
-3084
-1480
-1438
-1380
-1380
-2244
-1410
-1364
-2224
-1564
-1404
-1274
-6956
-1742
-1486
-1240
-1556
-1632
-1542
-1748
-7574
-1382
-2456
-1574
-1478
-2664
-1522
-1524
-1770
-1576
-7950
-10708
-1450
-1358
-1446
-1512
-1446
-1452
-1926
-1442
-1302
-1492
-1364
-1302
-1612
-1494
-11762
-1950
-2830
-1444
-1552
-1468
-1562
-10854
-2584
-1246
-1444
-9048
-1360
-1490
-1386
-2234
-1378
-1402
-1614
-7314
-1330
-1548
-1472
-7062
-1348
-1364
-1786
-3448
-2004
-1518
-1622
-1788
-1426
-1328
-1418
-1472
-1704
-10058
-1476
-1532
-1600
-1424
-1240
-3342
-1320
-1354
-8056
-1950
-1628
-1534
-12176
-1378
-1482
-1654
-1568
-1196
-1626
-1932
-1354
-1340
-1182
-1286
-1608
-1838
-1322
-2304
-1614
-1336
-1654
-1674
-1468
-1680
-1736
-1294
-1516
-1722
-1316
-3416
-2150
-2268
-1452
-1488
-1052
-1082
-1298
-1542
-1512
-1970
-1340
-1314
-8142
-1646
-3418
-1838
-1420
-1688
-1316
-1404
-2748
-1386
-2360
-1802
-1068
-1064
-1234
-1534
-9552
-1474
-1340
-4448
-1308
-1456
-1580
-1338
-1400
-1324
-1318
-1298
-1476
-1354
-4808
-1382
-2972
-2456
-5248
-1354
-14594
-1674
-1400
-8468
-2010
-1568
-1544
-11244
-1948
-1082
-1530
-1868
