1724
2077
2036
2031
2005
1950
2035
2069
1959
2004
2110
1974
2055
1999
1966
1885
1886
2034
1884
1726
1816
1728
1883
1893
1899
1841
1782
1827
1864
1876
1842
1856
1951
1788
1993
1831
1786
1868
1817
1858
1845
1781
1824
1894
1853
1852
1855
1878
2058
1892
1819
1787
1766
1866
1738
1861
1823
1825
1822
1828
1845
1829
1817
1852
1820
1821
1816
1810
1832
1823
1800
1837
1821
1769
1783
1748
1786
1811
1827
1746
1858
1815
1818
1840
1858
1816
1831
1784
1848
1796
1853
1785
1787
1814
1820
1817
1805
1787
1770
1822
1818
1853
1864
1809
1811
1843
1841
1780
1800
1809
1834
1824
1837
1772
1816
1835
1815
1839
1848
1821
1770
1795
1818
1818
1784
1752
1797
1840
1825
1848
1857
1802
1787
1842
1841
1824
1744
1817
1832
1862
1878
1813
1796
1798
1775
1802
1786
1793
1767
1852
1792
1849
1838
1827
1804
1756
1788
1789
1798
1788
1846
1775
1779
1713
1772
1830
1823
1797
1755
1843
1864
1845
1851
1758
1766
1824
1842
1824
1786
1806
1832
1841
1824
1803
1811
1826
1812
1840
1847
1826
1841
1866
1805
1851
1861
1726
1729
1814
1825
1846
1821
1837
1831
1768
1813
1812
1865
1806
1792
1848
1827
1793
1814
1783
1788
1728
1726
1787
1787
1698
1785
1831
1793
1832
1822
1840
1842
1795
1818
1839
1832
1799
1803
1841
1843
1782
1858
1747
1803
1674
1800
1836
1786
1825
1850
1772
1819
1748
1729
1847
1847
