746
746
-10477
-6203
-10642
-5221
-10470
392
148
108
288
357
331
-2175
110
-30
-1195
528
167
520
717
-2357
557
141
599
680
144
708
507
-3520
605
529
642
734
743
344
459
733
698
32
617
636
616
590
-37
281
692
422
742
710
733
735
717
743
678
735
726
739
680
662
727
744
632
586
175
-1380
547
-593
-4988
-1637
543
-286
703
447
-957
-6871
-202
442
-330
-4849
558
742
618
628
625
577
612
603
303
-478
332
656
655
464
195
266
384
-273
563
513
653
-5455
746
697
648
716
-5460
451
73
653
-621
409
281
-4055
-7637
563
555
505
343
623
693
105
602
276
505
594
655
607
-711
540
524
658
738
706
738
695
-4708
735
734
564
470
8
692
95
-4466
643
670
610
-171
-436
468
-1371
402
215
670
168
-2009
690
20
705
725
503
-3582
-314
717
733
-2781
657
692
700
644
118
-9
476
620
-500
644
619
696
185
690
706
721
681
704
685
739
103
-44
412
264
531
173
544
674
566
714
-1714
533
640
729
429
576
532
514
738
643
718
679
-1709
437
569
673
701
721
-228
85
730
687
-8711
678
487
443
22
599
-8360
-1713
-2191
670
105
-457
676
331
727
586
681
670
415
327
631
-88
723
-196
-907
664
743
746
719
708
666
610
