1552
1552
1875
1857
1892
1843
1862
1720
1742
1754
1738
1725
1727
1807
1752
1768
1797
1692
1741
1696
1609
1813
1655
1749
1653
1618
1746
1594
1699
1842
1651
1683
1636
1578
1561
1726
1717
1579
1612
1764
1647
1642
1650
1654
1771
1739
1614
1718
1562
1590
1569
1577
1589
1557
1620
1573
1586
1565
1616
1628
1581
1556
1646
1610
1593
1570
1587
1603
1556
1625
1581
1600
1575
1593
1641
1607
1622
1608
1590
1653
1592
1556
1566
1604
1595
1573
1592
1583
1549
1638
1628
1584
1577
1624
1593
1604
1624
1607
1589
1593
1593
1477
1554
1571
1582
1568
1582
1609
1593
1571
1543
1619
1609
1633
1693
1599
1573
1573
1591
1565
1563
1587
1592
1564
1595
1578
1593
1569
1599
1576
1604
1574
1558
1574
1562
1575
1534
1559
1558
1600
1602
1548
1572
1569
1552
1597
1602
1586
1583
1604
1594
1589
1594
1573
1574
1622
1555
1566
1588
1567
1563
1621
1622
1594
1567
1573
1525
1577
1568
1568
1574
1612
1623
1594
1602
1654
1582
1577
1572
1549
1600
1570
1565
1569
1580
1569
1561
1599
1600
1618
1600
1583
1567
1610
1618
1568
1570
1544
1593
1576
1565
1615
1592
1602
1598
1562
1575
1588
1619
1593
1611
1581
1567
1567
1565
1626
1611
1560
1567
1673
1608
1603
1589
1624
1649
1710
1707
1633
1580
1679
1663
1572
1579
1561
1556
1615
1576
1589
1619
1585
1632
1567
1554
1609
1574
1557
1554
1563
1576
1564
1572
