-806
-806
-12352
-8060
-12534
-7064
-12332
-1328
-1594
-1646
-1450
-1368
-1396
-3982
-1642
-1798
-2992
-1164
-1574
-1176
-892
-4170
-1098
-1608
-1054
-938
-1602
-886
-1192
-5362
-1046
-1154
-994
-844
-818
-1382
-1258
-846
-914
-1732
-1030
-1006
-1034
-1064
-1808
-1458
-922
-1296
-820
-880
-836
-842
-872
-814
-942
-838
-860
-826
-936
-966
-854
-812
-1014
-1024
-1418
-2950
-1040
-2196
-6544
-3262
-1038
-1886
-872
-1146
-2598
-8478
-1824
-1166
-1920
-6502
-1034
-814
-948
-976
-970
-996
-980
-980
-1246
-2116
-1296
-928
-922
-1160
-1398
-1338
-1240
-1880
-1026
-1080
-940
-6932
-808
-874
-934
-852
-7042
-1158
-1520
-918
-2164
-1210
-1328
-5688
-9330
-1036
-1018
-1068
-1248
-942
-870
-1482
-990
-1288
-1090
-984
-938
-962
-2310
-1036
-1080
-916
-820
-868
-824
-880
-6242
-824
-824
-1036
-1132
-1540
-880
-1474
-6018
-954
-932
-976
-1754
-2040
-1126
-2960
-1192
-1358
-904
-1454
-3564
-876
-1568
-862
-838
-1118
-5204
-1908
-850
-840
-4306
-920
-876
-868
-930
-1494
-1632
-1118
-982
-2154
-938
-958
-876
-1364
-910
-864
-844
-888
-876
-884
-822
-1496
-1644
-1206
-1336
-1052
-1394
-1066
-944
-1002
-856
-3258
-1060
-936
-836
-1186
-1016
-1070
-1084
-824
-932
-870
-940
-3302
-1174
-1012
-894
-866
-844
-1854
-1526
-830
-880
-10384
-930
-1116
-1146
-1602
-1050
-10070
-3420
-3824
-910
-1574
-2120
-896
-1248
-834
-970
-934
-906
-1174
-1292
-954
-1720
-844
-1750
-2516
-910
-814
-808
-844
-868
-898
-962
