692
692
692
692
692
692
692
692
-11
692
-2792
692
692
-7524
692
692
692
-2848
164
692
-17335
692
692
692
692
-4963
-3019
227
692
692
692
692
692
-10488
593
692
692
692
692
692
-11088
692
692
692
692
692
-1772
692
692
692
692
692
692
692
692
692
692
692
692
692
692
-1399
692
692
-1314
626
692
692
-8050
692
-2904
-5868
689
503
692
692
692
-2254
692
692
692
692
-1399
692
656
-6561
692
-3403
-3519
692
664
503
-1863
692
692
692
692
692
-1399
692
-5049
-1804
692
-8689
692
-3403
692
692
482
692
692
692
692
692
692
692
692
614
692
-8094
692
692
692
-3936
692
692
692
-3639
-1314
416
682
692
-7086
-2467
692
691
692
692
692
692
-1388
692
-7194
692
692
-1353
-1607
692
692
692
692
-2711
692
692
692
692
-7194
-1444
692
-1324
539
692
-1374
-3199
692
692
-11360
-2009
692
692
601
-3431
692
692
692
692
417
-4234
-1314
-2848
692
682
692
-11030
392
392
692
692
-1714
-1903
692
-2088
692
-2848
692
692
692
689
-1428
-4311
692
-5313
692
692
692
692
692
626
692
692
692
-87
692
692
692
692
692
63
-9039
692
692
692
692
692
692
-3260
692
692
692
692
692
692
671
692
692
692
692
-1444
692
692
692
692
692
-11038
692
692
-4061
-9324
286
692
692
