-908
-908
-908
-908
-908
-908
-908
-908
-1630
-908
-2364
-908
-908
-7068
-908
-908
-908
-2420
-1452
-908
-16808
-908
-908
-908
-908
-4520
-2590
-1388
-908
-908
-908
-908
-908
-10020
-1016
-908
-908
-908
-908
-908
-12764
-908
-908
-908
-908
-908
-1356
-908
-908
-908
-908
-908
-908
-908
-908
-908
-908
-908
-908
-908
-908
-992
-908
-908
-912
-980
-908
-908
-7574
-908
-2476
-5420
-912
-1106
-908
-908
-908
-1832
-908
-908
-908
-908
-992
-908
-948
-6110
-908
-5048
-3086
-908
-940
-1106
-3498
-908
-908
-908
-908
-908
-992
-908
-4606
-1388
-908
-8228
-908
-5048
-908
-908
-1128
-908
-908
-908
-908
-908
-908
-908
-908
-992
-908
-7636
-908
-908
-908
-3500
-908
-908
-908
-3222
-912
-1196
-920
-908
-6632
-4106
-908
-910
-908
-908
-908
-908
-3020
-908
-6740
-908
-908
-948
-1194
-908
-908
-908
-908
-4352
-908
-908
-908
-908
-6740
-1036
-908
-2956
-1070
-908
-968
-2768
-908
-908
-12980
-3646
-908
-908
-1006
-5080
-908
-908
-908
-908
-1194
-3796
-912
-2420
-908
-920
-908
-10608
-1220
-1220
-908
-908
-1300
-1486
-908
-1668
-908
-2420
-908
-908
-908
-912
-1020
-3872
-908
-4868
-908
-908
-908
-908
-908
-980
-908
-908
-908
-1706
-908
-908
-908
-908
-908
-1554
-8554
-908
-908
-908
-908
-908
-908
-2828
-908
-908
-908
-908
-908
-908
-932
-908
-908
-908
-908
-1036
-908
-908
-908
-908
-908
-10568
-908
-908
-5710
-11018
-1328
-908
-908
