1600
1600
1600
1600
1600
1600
1600
1600
1619
1600
1572
1600
1600
1544
1600
1600
1600
1572
1616
1600
1473
1600
1600
1600
1600
1557
1571
1615
1600
1600
1600
1600
1600
1532
1609
1600
1600
1600
1600
1600
1676
1600
1600
1600
1600
1600
1584
1600
1600
1600
1600
1600
1600
1600
1600
1600
1600
1600
1600
1600
1600
1593
1600
1600
1598
1606
1600
1600
1524
1600
1572
1552
1601
1609
1600
1600
1600
1578
1600
1600
1600
1600
1593
1600
1604
1549
1600
1645
1567
1600
1604
1609
1635
1600
1600
1600
1600
1600
1593
1600
1557
1584
1600
1539
1600
1645
1600
1600
1610
1600
1600
1600
1600
1600
1600
1600
1600
1606
1600
1542
1600
1600
1600
1564
1600
1600
1600
1583
1598
1612
1602
1600
1546
1639
1600
1601
1600
1600
1600
1600
1632
1600
1546
1600
1600
1595
1587
1600
1600
1600
1600
1641
1600
1600
1600
1600
1546
1592
1600
1632
1609
1600
1594
1569
1600
1600
1620
1637
1600
1600
1607
1649
1600
1600
1600
1600
1611
1562
1598
1572
1600
1602
1600
1578
1612
1612
1600
1600
1586
1583
1600
1580
1600
1572
1600
1600
1600
1601
1592
1561
1600
1555
1600
1600
1600
1600
1600
1606
1600
1600
1600
1619
1600
1600
1600
1600
1600
1617
1515
1600
1600
1600
1600
1600
1600
1568
1600
1600
1600
1600
1600
1600
1603
1600
1600
1600
1600
1592
1600
1600
1600
1600
1600
1530
1600
1600
1649
1694
1614
1600
1600
