733
733
-7613
-9350
-1033
-3795
-2223
-5618
-3590
-5244
-4072
-3168
379
-1998
-868
-2598
-816
-610
657
635
-24
551
-745
382
633
624
724
635
87
655
720
400
675
674
680
699
717
721
723
718
571
456
708
726
634
728
721
371
725
727
726
698
697
725
719
648
676
692
682
681
651
-4773
654
585
696
711
702
625
692
-104
679
518
390
633
718
690
662
-2766
-4221
694
324
321
652
679
704
284
685
-2113
-5637
588
651
509
-586
-2733
652
673
644
660
660
405
369
662
658
440
-5991
687
-27
616
236
667
673
648
-2272
516
-5647
633
602
570
322
601
509
550
682
662
655
582
154
-3716
677
681
691
-276
-5738
676
674
596
-1341
190
634
692
666
654
544
618
354
675
206
185
200
-2516
593
385
338
447
191
700
637
642
554
700
664
461
425
653
625
464
667
85
694
679
635
652
-4389
688
714
307
596
182
481
670
614
661
689
625
112
695
681
573
375
-1253
-679
-738
-5004
697
629
596
260
652
707
614
701
677
655
463
404
-2658
622
593
665
700
717
-485
688
651
302
646
-376
516
614
694
705
660
636
689
693
-8220
-6971
720
-4202
-5554
-7146
680
660
300
712
665
607
685
639
707
649
686
682
142
-5892
665
690
637
631
-887
601
