1571
1571
1941
1970
1851
1879
1853
1940
1878
1934
1926
1876
1693
1852
1830
1856
1824
1798
1657
1661
1722
1673
1815
1698
1665
1666
1580
1663
1705
1659
1584
1684
1637
1638
1636
1625
1585
1619
1581
1608
1671
1682
1624
1574
1664
1602
1583
1701
1605
1603
1598
1626
1627
1577
1621
1614
1606
1596
1590
1599
1607
1553
1596
1605
1624
1613
1616
1607
1604
1612
1591
1612
1626
1617
1604
1586
1590
1628
1589
1608
1628
1613
1606
1587
1580
1578
1601
1675
1691
1600
1609
1617
1586
1551
1600
1587
1596
1624
1628
1617
1625
1594
1596
1574
1539
1613
1635
1600
1594
1611
1621
1604
1590
1630
1559
1615
1616
1608
1614
1607
1619
1602
1606
1594
1603
1616
1610
1658
1609
1593
1587
1612
1576
1590
1604
1606
1577
1592
1602
1604
1600
1660
1672
1600
1630
1605
1590
1645
1672
1552
1621
1627
1612
1653
1651
1616
1611
1608
1624
1602
1598
1643
1631
1615
1597
1600
1597
1575
1590
1599
1589
1588
1563
1586
1582
1617
1602
1640
1597
1602
1604
1617
1609
1607
1610
1601
1603
1605
1645
1567
1603
1640
1606
1613
1611
1622
1610
1598
1603
1612
1609
1591
1601
1623
1626
1554
1620
1603
1595
1578
1575
1573
1604
1595
1608
1602
1574
1602
1596
1590
1587
1604
1608
1611
1611
1758
1769
1620
1660
1794
1764
1586
1602
1628
1608
1603
1609
1589
1603
1623
1609
1582
1594
1640
1662
1613
1606
1601
1603
1657
1613
