-838
-838
-9554
-11320
-2884
-5674
-4076
-7558
-5468
-7178
-5998
-5044
-1314
-3850
-2698
-4454
-2640
-2408
-1000
-1026
-1746
-1122
-2560
-1316
-1032
-1042
-856
-1028
-1618
-1004
-864
-1284
-962
-964
-956
-926
-868
-898
-858
-890
-1100
-1226
-916
-848
-1030
-874
-862
-1330
-880
-876
-872
-928
-930
-852
-902
-966
-930
-904
-908
-918
-956
-6326
-942
-1020
-928
-902
-914
-982
-912
-1716
-912
-1094
-1236
-984
-886
-896
-928
-4394
-5810
-914
-1304
-1292
-954
-908
-876
-1294
-916
-3788
-7328
-1012
-958
-1108
-2172
-4284
-948
-914
-952
-964
-968
-1212
-1256
-932
-938
-1134
-7530
-926
-1662
-984
-1358
-944
-948
-956
-3862
-1114
-7206
-982
-1014
-1038
-1292
-1006
-1110
-1052
-924
-932
-948
-1034
-1456
-5374
-932
-912
-896
-1888
-7314
-914
-930
-1010
-2918
-1402
-968
-912
-934
-1006
-1128
-982
-1276
-930
-1384
-1460
-1472
-4068
-1028
-1242
-1274
-1206
-1460
-916
-974
-966
-1070
-902
-934
-1182
-1206
-962
-972
-1136
-930
-1490
-896
-920
-954
-936
-5952
-898
-868
-1310
-1006
-1458
-1116
-932
-990
-956
-920
-982
-1498
-906
-922
-1032
-1270
-2820
-2282
-2378
-6610
-916
-982
-1026
-1350
-946
-896
-998
-908
-914
-946
-1160
-1222
-4212
-998
-1010
-930
-878
-858
-2058
-916
-944
-1306
-956
-1950
-1086
-982
-896
-882
-944
-972
-922
-918
-9978
-8740
-900
-5862
-7348
-8910
-906
-942
-1328
-896
-938
-1002
-904
-964
-916
-960
-896
-912
-1498
-7554
-948
-916
-964
-972
-2544
-1012
