598
598
-2455
598
273
598
-3680
-1606
598
409
598
-4352
598
598
598
598
273
598
102
598
598
598
598
598
-182
598
-8423
597
-1403
598
493
-1113
-6888
598
-2653
67
598
-1519
598
-6057
598
598
598
598
-263
598
37
598
220
598
388
598
598
598
598
-1592
598
598
-1479
598
598
598
-1405
598
-3958
598
164
598
598
598
598
598
37
-833
-6862
598
-3748
-182
598
-2198
598
598
598
598
-1293
598
598
-7302
-7277
598
598
598
598
593
-3547
598
598
-2142
598
-1522
598
-2033
-182
409
-3817
598
-6058
220
-263
598
-1522
598
598
598
-7288
598
598
598
598
598
-10048
598
598
-305
598
598
-182
598
598
597
598
-4796
598
-9657
-14124
598
37
598
598
598
598
-3639
598
-7326
-2182
598
598
-2548
-627
598
598
598
598
-1403
598
598
598
-459
598
598
598
-2920
598
598
598
598
598
-3231
571
-2068
598
-182
598
598
598
598
598
388
598
598
-69
598
598
-263
-3113
598
598
598
-2998
598
598
192
-1522
598
-3057
-1403
-4121
598
-4655
-1610
598
598
-1655
-5182
598
598
598
598
598
598
598
598
-1403
598
-2304
-1457
598
598
598
-2780
598
598
598
598
598
598
598
-1403
-10048
102
598
598
-2531
598
598
598
598
-5501
598
598
493
598
598
-2348
598
598
-6453
598
597
-2483
-2677
