-1002
-1002
-2014
-1002
-1340
-1002
-3246
-3218
-1002
-1200
-1002
-6000
-1002
-1002
-1002
-1002
-1340
-1002
-1514
-1002
-1002
-1002
-1002
-1002
-1802
-1002
-7964
-1004
-1002
-1002
-1114
-2742
-8542
-1002
-4326
-1556
-1002
-1110
-1002
-5608
-1002
-1002
-1002
-1002
-1884
-1002
-1580
-1002
-1394
-1002
-1222
-1002
-1002
-1002
-1002
-1182
-1002
-1002
-1072
-1002
-1002
-1002
-1004
-1002
-3522
-1002
-1450
-1002
-1002
-1002
-1002
-1002
-1580
-2460
-6410
-1002
-3314
-1802
-1002
-1760
-1002
-1002
-1002
-1002
-2924
-1002
-1002
-6850
-8940
-1002
-1002
-1002
-1002
-1008
-3114
-1002
-1002
-1722
-1002
-1114
-1002
-3644
-1802
-1200
-3382
-1002
-5610
-1394
-1884
-1002
-1114
-1002
-1002
-1002
-6834
-1002
-1002
-1002
-1002
-1002
-9582
-1002
-1002
-1926
-1002
-1002
-1802
-1002
-1002
-1004
-1002
-4328
-1002
-9192
-13612
-1002
-1580
-1002
-1002
-1002
-1002
-5298
-1002
-6862
-1762
-1002
-1002
-2142
-2252
-1002
-1002
-1002
-1002
-1002
-1002
-1002
-1002
-2092
-1002
-1002
-1002
-4574
-1002
-1002
-1002
-1002
-1002
-2800
-1032
-1650
-1002
-1802
-1002
-1002
-1002
-1002
-1002
-1222
-1002
-1002
-1676
-1002
-1002
-1884
-2684
-1002
-1002
-1002
-2570
-1002
-1002
-1422
-1114
-1002
-4700
-1002
-3708
-1002
-6306
-3242
-1002
-1002
-1244
-4754
-1002
-1002
-1002
-1002
-1002
-1002
-1002
-1002
-1002
-1002
-1882
-1052
-1002
-1002
-1002
-2354
-1002
-1002
-1002
-1002
-1002
-1002
-1002
-1002
-9582
-1514
-1002
-1002
-2108
-1002
-1002
-1002
-1002
-5092
-1002
-1002
-1114
-1002
-1002
-1926
-1002
-1002
-6004
-1002
-1004
-2060
-2252
