1600
1600
1559
1600
1613
1600
1566
1612
1600
1609
1600
1648
1600
1600
1600
1600
1613
1600
1616
1600
1600
1600
1600
1600
1620
1600
1541
1601
1599
1600
1607
1629
1654
1600
1673
1623
1600
1591
1600
1551
1600
1600
1600
1600
1621
1600
1617
1600
1614
1600
1610
1600
1600
1600
1600
1590
1600
1600
1593
1600
1600
1600
1599
1600
1564
1600
1614
1600
1600
1600
1600
1600
1617
1627
1548
1600
1566
1620
1600
1562
1600
1600
1600
1600
1631
1600
1600
1548
1663
1600
1600
1600
1600
1601
1567
1600
1600
1580
1600
1592
1600
1611
1620
1609
1565
1600
1552
1614
1621
1600
1592
1600
1600
1600
1546
1600
1600
1600
1600
1600
1534
1600
1600
1621
1600
1600
1620
1600
1600
1601
1600
1532
1600
1535
1488
1600
1617
1600
1600
1600
1600
1659
1600
1536
1580
1600
1600
1594
1625
1600
1600
1600
1600
1599
1600
1600
1600
1633
1600
1600
1600
1654
1600
1600
1600
1600
1600
1569
1603
1582
1600
1620
1600
1600
1600
1600
1600
1610
1600
1600
1607
1600
1600
1621
1571
1600
1600
1600
1572
1600
1600
1614
1592
1600
1643
1599
1587
1600
1651
1632
1600
1600
1589
1572
1600
1600
1600
1600
1600
1600
1600
1600
1599
1600
1578
1595
1600
1600
1600
1574
1600
1600
1600
1600
1600
1600
1600
1599
1534
1616
1600
1600
1577
1600
1600
1600
1600
1591
1600
1600
1607
1600
1600
1578
1600
1600
1551
1600
1601
1577
1575
