741
741
-10879
-12040
-2682
-6017
-684
-714
-689
427
53
-2608
-986
-6033
-338
-5027
379
-687
556
2
634
712
-37
560
724
469
663
735
737
676
225
735
737
733
734
737
736
734
722
712
735
734
686
45
727
658
726
717
712
731
724
719
719
170
721
-1562
657
716
160
715
696
711
-4622
722
732
250
727
697
-202
712
727
664
-74
727
731
708
672
432
730
-1313
692
631
689
-408
-1177
705
721
-1612
734
712
713
515
279
-4351
715
725
725
-2437
716
-623
438
702
730
-461
-7523
707
716
708
728
711
712
-2432
728
727
713
725
724
711
711
712
714
-5274
-1653
726
729
710
716
-235
-7529
4
-14782
735
732
410
734
-27
671
-873
588
685
715
-224
722
-8608
502
720
705
710
127
-3071
-231
254
718
-2049
716
652
-163
724
-2448
-1417
-767
690
541
715
733
-8744
704
706
736
-6180
647
492
720
-296
-378
643
552
-3468
707
-105
707
709
723
-488
-3489
-9849
655
703
707
723
-8888
698
726
735
-12
648
701
-2858
582
723
727
723
678
703
719
549
-8689
-10832
-1570
698
544
-1066
590
701
731
725
216
711
686
704
731
709
697
491
712
254
719
721
722
-151
727
718
712
-1676
715
700
12
723
697
-3109
-5262
712
719
717
-2980
391
731
703
705
-1972
705
