-838
-838
-12784
-14002
-4530
-7910
-2482
-2530
-2490
-1314
-1722
-4454
-2816
-7906
-2128
-6882
-1368
-2486
-1100
-1776
-1010
-912
-1820
-1092
-888
-1200
-972
-856
-848
-952
-1532
-870
-850
-874
-872
-864
-846
-858
-886
-910
-854
-868
-916
-1570
-874
-942
-868
-886
-890
-874
-876
-872
-874
-1444
-878
-3198
-950
-876
-1418
-882
-896
-886
-6278
-878
-872
-1368
-872
-900
-1778
-894
-876
-932
-1688
-878
-876
-898
-930
-1154
-878
-2962
-906
-990
-926
-2032
-2746
-890
-874
-3168
-854
-884
-880
-1118
-1364
-5994
-884
-870
-864
-4070
-874
-2282
-1178
-898
-868
-2030
-9104
-890
-876
-886
-872
-884
-890
-4062
-872
-860
-878
-880
-876
-884
-884
-888
-882
-6872
-3288
-868
-872
-886
-878
-1832
-9064
-1628
-16352
-854
-860
-1198
-866
-1654
-928
-2490
-992
-920
-878
-1844
-876
-10294
-1108
-872
-890
-888
-1454
-4676
-1876
-1324
-876
-3612
-882
-950
-1758
-876
-4084
-2992
-2378
-910
-1062
-876
-854
-10274
-894
-888
-850
-7834
-942
-1118
-876
-1926
-1954
-988
-1062
-5020
-896
-1680
-886
-886
-876
-2074
-5062
-11508
-948
-896
-894
-870
-10554
-898
-876
-868
-1632
-948
-908
-4418
-1024
-870
-866
-884
-928
-900
-876
-1070
-10374
-12494
-3278
-900
-1056
-2686
-1010
-896
-870
-872
-1368
-896
-918
-892
-858
-888
-900
-1118
-880
-1348
-868
-874
-870
-1722
-862
-876
-880
-3284
-882
-912
-1620
-878
-908
-4656
-6790
-880
-870
-880
-4630
-1220
-860
-894
-896
-3614
-888
