1579
1579
1905
1962
1848
1893
1798
1816
1801
1741
1775
1846
1830
1873
1790
1855
1747
1799
1656
1778
1644
1624
1783
1652
1612
1669
1635
1591
1585
1628
1757
1605
1587
1607
1606
1601
1582
1592
1608
1622
1589
1602
1602
1615
1601
1600
1594
1603
1602
1605
1600
1591
1593
1614
1599
1636
1607
1592
1578
1597
1592
1597
1656
1600
1604
1618
1599
1597
1576
1606
1603
1596
1614
1605
1607
1606
1602
1586
1608
1649
1598
1621
1615
1624
1569
1595
1595
1556
1588
1596
1593
1633
1643
1643
1599
1595
1589
1633
1590
1659
1616
1600
1598
1569
1581
1597
1592
1594
1600
1595
1602
1630
1600
1587
1591
1605
1600
1595
1595
1600
1596
1598
1635
1594
1601
1596
1594
1597
1535
1632
1570
1589
1592
1608
1600
1627
1599
1617
1580
1605
1593
1620
1598
1686
1610
1592
1595
1598
1581
1605
1645
1578
1594
1563
1598
1602
1595
1600
1636
1575
1611
1600
1603
1591
1587
1530
1598
1594
1586
1654
1589
1610
1596
1630
1576
1631
1614
1552
1603
1575
1593
1595
1599
1586
1573
1659
1603
1599
1601
1593
1666
1596
1602
1603
1620
1596
1609
1560
1606
1593
1593
1607
1606
1603
1595
1619
1685
1662
1708
1598
1600
1620
1600
1597
1601
1597
1584
1607
1604
1596
1589
1597
1597
1609
1592
1602
1587
1595
1592
1571
1589
1594
1592
1608
1597
1612
1632
1601
1605
1547
1528
1592
1589
1597
1650
1611
1591
1597
1601
1642
1593
