782
727
187
-2621
-9803
782
-493
-493
782
782
782
782
782
782
782
691
676
506
782
782
782
782
-38
782
782
782
782
-208
782
782
782
782
782
-703
317
782
782
-1942
-2378
782
782
716
782
782
782
782
782
782
782
782
782
-1549
782
782
782
782
782
776
782
782
-703
782
782
782
79
782
782
716
-1774
782
782
782
782
746
482
782
782
727
-4909
-66
782
779
782
782
782
-3496
782
782
-1993
782
-1171
782
-338
767
782
782
782
782
782
782
782
782
782
782
782
782
782
782
704
782
-1703
782
782
782
782
782
782
782
782
782
-4996
782
782
782
782
776
-1298
782
677
782
782
782
782
677
782
782
782
23
782
782
592
782
782
782
782
782
782
706
-455
782
782
-3404
782
782
782
782
782
782
782
-4168
727
-544
782
782
716
782
-1298
782
781
782
782
782
782
767
-544
-3683
782
782
782
782
-1234
506
779
782
782
782
782
-1958
782
782
41
592
-596
-38
782
782
782
-758
782
-6478
-10393
782
782
782
782
611
782
782
737
782
782
782
782
782
782
-3683
-988
-5450
782
782
727
782
-1298
-3496
782
782
782
782
716
782
782
221
-1516
782
79
782
782
782
782
782
782
782
-5888
782
782
-253
782
-9088
782
782
-835
