1318
1323
1301
1277
1357
1318
1343
1343
1318
1318
1318
1318
1318
1318
1318
1311
1314
1306
1318
1318
1318
1318
1338
1318
1318
1318
1318
1340
1318
1318
1318
1318
1318
1345
1303
1318
1318
1322
1358
1318
1318
1324
1318
1318
1318
1318
1318
1318
1318
1318
1318
1343
1318
1318
1318
1318
1318
1316
1318
1318
1291
1318
1318
1318
1299
1318
1318
1324
1282
1318
1318
1318
1318
1322
1330
1318
1318
1323
1387
1312
1318
1319
1318
1318
1318
1364
1318
1318
1355
1318
1287
1318
1350
1321
1318
1318
1318
1318
1318
1318
1318
1318
1318
1318
1318
1318
1318
1318
1324
1318
1353
1318
1318
1318
1318
1318
1318
1318
1318
1318
1372
1318
1318
1318
1318
1316
1350
1318
1311
1318
1318
1318
1318
1311
1318
1318
1318
1305
1318
1318
1328
1318
1318
1318
1318
1318
1318
1326
1315
1318
1318
1364
1318
1318
1318
1318
1318
1318
1318
1368
1323
1344
1318
1318
1324
1318
1350
1318
1317
1318
1318
1318
1318
1321
1292
1365
1318
1318
1318
1318
1350
1330
1319
1318
1318
1318
1318
1334
1318
1318
1337
1308
1292
1298
1318
1318
1318
1290
1318
1258
1393
1318
1318
1318
1318
1327
1318
1318
1313
1318
1318
1318
1318
1318
1318
1271
1288
1254
1318
1318
1323
1318
1350
1272
1318
1318
1318
1318
1324
1318
1318
1301
1272
1318
1337
1318
1318
1318
1318
1318
1318
1318
1260
1318
1318
1341
1318
1388
1318
1318
1343
