-536
-596
-1114
-3898
-11160
-536
-1836
-1836
-536
-536
-536
-536
-536
-536
-536
-620
-638
-800
-536
-536
-536
-536
-1376
-536
-536
-536
-536
-1548
-536
-536
-536
-536
-536
-2048
-986
-536
-536
-3264
-3736
-536
-536
-608
-536
-536
-536
-536
-536
-536
-536
-536
-536
-2892
-536
-536
-536
-536
-536
-540
-536
-536
-1994
-536
-536
-536
-1220
-536
-536
-608
-3056
-536
-536
-536
-536
-576
-848
-536
-536
-596
-6296
-1378
-536
-540
-536
-536
-536
-4860
-536
-536
-3348
-536
-2458
-536
-1688
-554
-536
-536
-536
-536
-536
-536
-536
-536
-536
-536
-536
-536
-536
-536
-620
-536
-3056
-536
-536
-536
-536
-536
-536
-536
-536
-536
-6368
-536
-536
-536
-536
-540
-2648
-536
-634
-536
-536
-536
-536
-634
-536
-536
-536
-1282
-536
-536
-736
-536
-536
-536
-536
-536
-536
-620
-1770
-536
-536
-4768
-536
-536
-536
-536
-536
-536
-536
-5536
-596
-1888
-536
-536
-608
-536
-2648
-536
-536
-536
-536
-536
-536
-554
-1836
-5048
-536
-536
-536
-536
-2584
-824
-540
-536
-536
-536
-536
-3292
-536
-536
-1296
-716
-1888
-1336
-536
-536
-536
-2048
-536
-7736
-11786
-536
-536
-536
-536
-716
-536
-536
-576
-536
-536
-536
-536
-536
-536
-4954
-2276
-6704
-536
-536
-596
-536
-2648
-4768
-536
-536
-536
-536
-608
-536
-536
-1080
-2788
-536
-1258
-536
-536
-536
-536
-536
-536
-536
-7148
-536
-536
-1594
-536
-10476
-536
-536
-2178
