650
-4042
648
648
648
-10091
648
648
648
648
648
648
-2837
648
648
648
648
648
-3497
648
648
323
573
648
648
-5180
-1497
-132
648
-6008
627
648
648
-1443
-297
648
648
-1355
648
648
648
-892
648
648
648
648
648
-1619
648
-1004
603
648
648
648
648
-433
512
648
648
648
-3722
-1373
648
648
648
648
648
528
-1429
351
648
648
648
-5978
648
648
648
648
648
648
648
-4775
648
648
648
648
648
-1349
-1432
-2947
-9096
648
-2132
-1302
648
648
-1355
53
648
650
648
648
-1583
648
648
-339
648
-3432
-7456
648
153
648
-5629
648
441
648
648
648
648
648
648
-3433
-1601
-2755
-7105
648
648
648
648
648
648
648
648
-2018
648
-1407
648
-1604
-11516
648
-3365
648
648
648
648
-3447
648
648
-5536
-1355
648
648
648
-1351
648
648
648
648
-2411
-1605
648
648
648
-9867
-1443
648
648
648
648
648
648
648
648
648
459
648
650
-1787
-6605
648
648
-4755
123
-1429
648
648
648
648
648
-2678
648
-1302
648
648
648
648
-3763
-5817
648
-2018
648
515
647
648
648
650
-7457
-10205
648
648
648
648
648
648
648
648
-2433
-297
-1388
648
648
648
648
496
-1430
648
-5447
-2889
648
648
648
648
648
648
-3911
-8255
648
648
477
648
648
648
-18
-1429
648
648
648
-5130
648
648
648
