1600
1662
1600
1600
1600
1511
1600
1600
1600
1600
1600
1600
1573
1600
1600
1600
1600
1600
1567
1600
1600
1613
1605
1600
1600
1556
1633
1620
1600
1552
1603
1600
1600
1593
1621
1600
1600
1599
1600
1600
1600
1628
1600
1600
1600
1600
1600
1619
1600
1628
1605
1600
1600
1600
1600
1623
1608
1600
1600
1600
1646
1597
1600
1600
1600
1600
1600
1608
1593
1611
1600
1600
1600
1532
1600
1600
1600
1600
1600
1600
1600
1599
1600
1600
1600
1600
1600
1599
1632
1571
1512
1600
1580
1630
1600
1600
1599
1617
1600
1600
1600
1600
1589
1600
1600
1621
1600
1568
1522
1600
1615
1600
1553
1600
1609
1600
1600
1600
1600
1600
1600
1569
1587
1641
1531
1600
1600
1600
1600
1600
1600
1600
1600
1582
1600
1595
1600
1588
1596
1600
1567
1600
1600
1600
1600
1645
1600
1600
1554
1599
1600
1600
1600
1599
1600
1600
1600
1600
1567
1589
1600
1600
1600
1535
1593
1600
1600
1600
1600
1600
1600
1600
1600
1600
1609
1600
1600
1585
1549
1600
1600
1559
1615
1593
1600
1600
1600
1600
1600
1574
1600
1630
1600
1600
1600
1600
1645
1553
1600
1582
1600
1607
1601
1600
1600
1600
1545
1567
1600
1600
1600
1600
1600
1600
1600
1600
1649
1621
1596
1600
1600
1600
1600
1608
1594
1600
1555
1571
1600
1600
1600
1600
1600
1600
1647
1541
1600
1600
1609
1600
1600
1600
1618
1593
1600
1600
1600
1654
1600
1600
1600
