-950
-5704
-952
-952
-952
-9602
-952
-952
-952
-952
-952
-952
-2410
-952
-952
-952
-952
-952
-3064
-952
-952
-1290
-1032
-952
-952
-4736
-3130
-1752
-952
-5560
-976
-952
-952
-1036
-1918
-952
-952
-954
-952
-952
-952
-2520
-952
-952
-952
-952
-952
-3238
-952
-2632
-1002
-952
-952
-952
-952
-2056
-1096
-952
-952
-952
-5368
-970
-952
-952
-952
-952
-952
-1080
-1022
-1260
-952
-952
-952
-5510
-952
-952
-952
-952
-952
-952
-952
-4374
-952
-952
-952
-952
-952
-948
-3064
-2518
-8608
-952
-1712
-2932
-952
-952
-954
-1564
-952
-950
-952
-952
-1172
-952
-952
-1960
-952
-3000
-6978
-952
-1462
-952
-5182
-952
-1168
-952
-952
-952
-952
-952
-952
-3002
-1188
-4396
-6636
-952
-952
-952
-952
-952
-952
-952
-952
-1600
-952
-1002
-952
-1192
-11112
-952
-2932
-952
-952
-952
-952
-5092
-952
-952
-5090
-954
-952
-952
-952
-950
-952
-952
-952
-952
-1978
-1194
-952
-952
-952
-9402
-1036
-952
-952
-952
-952
-952
-952
-952
-952
-952
-1150
-952
-950
-1372
-6154
-952
-952
-4314
-1492
-1022
-952
-952
-952
-952
-952
-2252
-952
-2932
-952
-952
-952
-952
-5408
-5370
-952
-1600
-952
-1092
-954
-952
-952
-950
-7002
-9772
-952
-952
-952
-952
-952
-952
-952
-952
-4082
-1918
-984
-952
-952
-952
-952
-1112
-1024
-952
-5002
-2460
-952
-952
-952
-952
-952
-952
-5558
-7796
-952
-952
-1132
-952
-952
-952
-1636
-1022
-952
-952
-952
-6784
-952
-952
-952
