-25555
-21524
-21524
-18637
-18637
-18602
-17292
-17240
-17240
-13974
-13974
-13974
-13629
-13607
-12102
-12102
-11768
-11489
-9763
-9114
-9114
-9114
-9114
-9114
-9114
-9108
-8962
-8651
-8363
-8363
-8363
-8010
-8010
-7924
-7886
-7615
-7615
-7615
-7497
-7263
-7263
-7263
-7199
-7172
-7172
-7138
-7138
-7102
-7101
-7100
-7100
-7079
-7056
-7008
-7008
-6891
-6891
-6891
-6870
-6865
-6859
-6854
-6854
-6823
-6823
-6823
-6795
-6795
-6780
-6747
-6747
-6717
-6653
-6653
-6653
-6653
-6651
-6644
-6634
-6634
-6634
-6624
-6624
-6612
-6610
-6602
-6597
-6589
-6589
-6582
-6582
-6577
-6572
-6558
-6555
-6555
-6553
-6553
-6553
-6545
-6545
-6545
-6545
-6545
-6545
-6545
-6545
-6539
-6539
-6538
-6538
-6538
-6535
-6535
-6535
-6529
-6529
-6529
-6529
-6529
-6529
-6529
-6529
-6529
-6529
-6526
-6526
-6526
-6526
-6526
-6526
-6526
-6511
-6511
-6511
-6511
-6511
-6511
-6508
-6508
-6508
-6494
-6494
-6493
-6493
-6491
-6489
-6489
-6489
-6489
-6489
-6489
-6488
-6488
-6487
-6486
-6486
-6486
-6486
-6486
-6485
-6484
-6484
-6483
-6482
-6477
-6477
-6477
-6474
-6474
-6474
-6474
-6474
-6474
-6474
-6474
-6472
-6472
-6472
-6472
-6472
-6465
-6465
-6465
-6465
-6465
-6465
-6465
-6465
-6464
-6464
-6464
-6456
-6456
-6456
-6456
-6456
-6456
-6456
-6456
-6456
-6456
-6456
-6456
-6456
-6450
-6450
-6450
-6450
-6450
-6444
-6444
-6443
-6443
-6443
-6441
-6440
-6440
-6437
-6437
-6437
-6434
-6434
-6434
-6434
-6433
-6431
-6431
-6431
-6429
-6429
-6429
-6429
-6429
-6429
-6429
-6424
-6424
-6424
-6424
-6424
-6415
-6415
-6415
-6415
-6415
-6415
-6415
-6415
-6415
-6415
-6415
-6414
-6414
-6414
-6414
-6414
-6414
-6412
-6412
-6411
-6411
-6411
-6411
-6411
-6411
-6410
-6406
-6406
-6405
-6405
-6405
-6405
-6405
-6405
-6404
-6401
-6401
-6396
-6396
-6396
-6396
-6396
-6396
-6392
-6392
-6392
-6390
-6386
-6386
-6386
-6386
-6386
-6386
-6383
-6383
-6377
-6377
-6376
-6376
-6374
-6374
-6371
-6371
-6371
-6370
-6368
-6367
-6367
-6367
-6367
-6367
-6367
-6367
-6367
-6367
-6367
-6367
-6367
-6367
-6367
-6367
-6367
-6367
-6367
-6367
-6367
-6365
-6365
-6365
-6361
-6361
-6361
-6361
-6359
-6359
-6359
-6359
-6359
-6355
-6355
-6355
-6353
-6353
-6353
-6353
-6353
-6350
-6350
-6350
-6350
-6350
-6350
-6350
-6350
-6350
-6350
-6350
-6349
-6347
-6347
-6341
-6341
-6341
-6341
-6341
-6341
-6341
-6341
-6338
-6338
-6338
-6338
-6338
-6333
-6333
-6333
-6333
-6333
-6333
-6333
-6333
-6333
-6329
-6329
-6329
-6329
-6329
-6329
-6329
-6329
-6327
-6327
-6327
-6324
-6323
-6322
-6322
-6308
-6308
-6308
-6306
-6303
-6301
-6301
-6301
-6301
-6301
-6301
-6298
-6298
-6295
-6295
-6295
-6292
-6292
-6292
-6292
-6289
-6286
-6286
-6286
-6286
-6283
-6283
-6283
-6283
-6283
-6283
-6282
-6282
-6282
-6282
-6282
-6282
-6282
-6282
-6282
-6282
-6282
-6277
-6277
-6277
-6277
-6277
-6277
-6276
-6276
-6276
-6276
-6275
-6275
-6275
-6274
-6274
-6273
-6273
-6273
-6273
-6269
-6269
-6269
-6269
-6269
-6269
-6264
-6264
-6264
-6263
-6262
-6262
-6262
-6262
-6262
-6262
-6262
-6262
-6261
-6260
-6260
-6260
-6260
-6260
-6260
-6260
-6260
-6259
-6259
-6257
-6257
-6257
-6257
-6257
-6257
-6257
-6257
-6257
-6257
-6257
-6257
-6257
-6257
-6256
-6256
-6256
-6256
-6254
-6254
-6254
-6254
-6254
-6254
-6251
-6251
-6251
-6251
-6251
-6251
-6251
-6244
-6244
-6244
-6241
-6241
-6241
-6241
-6241
-6241
-6238
-6238
-6238
-6238
-6238
-6238
-6238
-6238
-6238
-6238
-6238
-6238
-6235
-6235
-6235
-6235
-6235
-6235
-6235
-6235
-6235
-6235
-6235
-6235
-6235
-6235
-6235
-6235
-6232
-6231
-6231
-6231
-6231
-6231
-6231
-6231
-6231
-6231
-6231
-6229
-6229
-6229
-6228
-6228
-6228
-6228
-6228
-6228
-6228
-6228
-6228
-6228
-6228
-6228
-6228
-6228
-6228
-6228
-6228
-6228
-6225
-6225
-6225
-6225
-6222
-6222
-6222
-6222
-6222
-6222
-6222
-6222
-6222
-6222
-6221
-6221
-6221
-6221
-6221
-6221
-6221
-6221
-6220
-6220
-6220
-6220
-6220
-6220
-6220
-6220
-6220
-6219
-6219
-6219
-6217
-6217
-6217
-6217
-6216
-6216
-6216
-6216
-6216
-6216
-6216
-6216
-6216
-6215
-6215
-6215
-6215
-6215
-6215
-6215
-6214
-6214
-6214
-6214
-6214
-6214
-6213
-6213
-6213
-6213
-6213
-6212
-6211
-6211
-6211
-6211
-6210
-6210
-6210
-6210
-6210
-6210
-6210
-6210
-6209
-6209
-6209
-6209
-6209
-6209
-6209
-6208
-6208
-6208
-6208
-6203
-6202
-6202
-6202
-6202
-6202
-6201
-6201
-6200
-6200
-6200
-6199
-6197
-6194
-6194
-6193
-6193
-6193
-6193
-6193
-6193
-6193
-6193
-6193
-6193
-6193
-6193
-6193
-6193
-6193
-6193
-6193
-6193
-6193
-6193
-6193
-6191
-6191
-6191
-6191
-6191
-6191
-6190
-6190
-6190
-6188
-6188
-6188
-6188
-6188
-6188
-6188
-6188
-6188
-6188
-6188
-6188
-6188
-6188
-6185
-6185
-6185
-6185
-6185
-6185
-6185
-6185
-6185
-6185
-6185
-6183
-6183
-6183
-6183
-6182
-6182
-6181
-6181
-6181
-6181
-6180
-6180
-6180
-6177
-6177
-6175
-6175
-6175
-6174
-6174
-6174
-6174
-6174
-6174
-6173
-6173
-6173
-6173
-6173
-6173
-6170
-6170
-6170
-6170
-6170
-6170
-6169
-6169
-6169
-6168
-6168
-6168
-6168
-6168
-6168
-6163
-6163
-6163
-6163
-6163
-6163
-6163
-6163
-6162
-6162
-6162
-6162
-6162
-6162
-6159
-6157
-6154
-6154
-6154
-6154
-6154
-6154
-6153
-6153
-6153
-6153
-6153
-6153
-6152
-6152
-6152
-6152
-6152
-6152
-6152
-6152
-6152
-6151
-6151
-6150
-6150
-6150
-6150
-6150
-6150
-6150
-6150
-6150
-6150
-6150
-6150
-6150
-6150
-6150
-6150
-6150
-6150
-6150
-6140
-6140
-6140
-6140
-6140
-6140
-6140
-6140
-6140
-6140
-6140
-6140
-6140
-6140
-6140
-6140
-6140
-6137
-6137
-6137
-6137
-6137
-6137
-6137
-6137
-6137
-6137
-6137
-6136
-6136
-6136
-6136
-6136
-6136
-6136
-6136
-6135
-6135
-6135
-6134
-6134
-6134
-6132
-6132
-6132
-6132
-6132
-6129
-6129
-6129
-6129
-6126
-6126
-6126
-6126
-6123
-6123
-6123
-6123
-6120
-6120
-6120
-6120
-6120
-6118
-6118
-6118
-6118
-6118
-6118
-6118
-6118
-6118
-6118
-6118
-6118
-6118
-6117
-6117
-6117
-6117
-6115
-6115
-6115
-6115
-6112
-6112
-6112
-6112
-6112
-6112
-6112
-6112
-6112
-6112
-6112
-6112
-6112
-6112
-6112
-6112
-6111
-6111
-6111
-6111
-6111
-6111
-6111
-6109
-6109
-6108
-6108
-6108
-6108
-6107
-6107
-6105
-6105
-6105
-6105
-6105
-6105
-6104
-6104
-6104
-6104
-6103
-6103
-6103
-6103
-6103
-6103
-6103
-6103
-6102
-6102
-6102
-6102
-6101
-6101
-6100
-6100
-6099
-6098
-6098
-6098
-6098
-6098
-6098
-6098
-6098
-6098
-6098
-6098
-6098
-6098
-6098
-6098
-6098
-6098
-6098
-6093
-6093
-6093
-6093
-6092
-6087
-6087
-6087
-6087
-6087
-6087
-6087
-6087
-6087
-6087
-6084
-6084
-6084
-6084
-6084
-6084
-6084
-6084
-6080
-6077
-6077
-6077
-6077
-6077
-6077
-6077
-6077
-6077
-6075
-6075
-6075
-6075
-6075
-6075
-6075
-6075
-6075
-6075
-6075
-6075
-6075
-6075
-6075
-6074
-6074
-6074
-6074
-6066
-6066
-6066
-6066
-6065
-6065
-6065
-6065
-6065
-6065
-6065
-6065
-6065
-6065
-6065
-6065
-6065
-6063
-6063
-6063
-6063
-6062
-6062
-6062
-6062
-6062
-6062
-6062
-6062
-6062
-6062
-6062
-6059
-6059
-6059
-6059
-6059
-6059
-6059
-6058
-6058
-6058
-6058
-6058
-6057
-6057
-6057
-6057
-6056
-6056
-6056
-6056
-6056
-6056
-6056
-6055
-6055
-6055
-6055
-6055
-6054
-6054
-6054
-6054
-6054
-6054
-6054
-6054
-6054
-6054
-6054
-6054
-6054
-6054
-6053
-6053
-6053
-6053
-6053
-6053
-6053
-6053
-6053
-6052
-6051
-6050
-6048
-6048
-6048
-6048
-6048
-6048
-6048
-6048
-6048
-6048
-6048
-6048
-6048
-6048
-6048
-6048
-6044
-6044
-6044
-6044
-6044
-6044
-6041
-6041
-6038
-6038
-6038
-6038
-6038
-6037
-6035
-6034
-6034
-6034
-6033
-6033
-6033
-6033
-6033
-6033
-6033
-6033
-6028
-6028
-6028
-6028
-6028
-6028
-6028
-6027
-6027
-6027
-6027
-6027
-6027
-6027
-6027
-6027
-6027
-6027
-6027
-6027
-6027
-6027
-6027
-6027
-6027
-6024
-6024
-6024
-6024
-6024
-6024
-6024
-6024
-6024
-6024
-6024
-6024
-6024
-6024
-6024
-6024
-6024
-6023
-6023
-6023
-6023
-6023
-6023
-6023
-6023
-6023
-6023
-6023
-6023
-6023
-6023
-6023
-6023
-6023
-6023
-6023
-6023
-6020
-6020
-6020
-6020
-6020
-6020
-6020
-6020
-6020
-6020
-6020
-6020
-6020
-6020
-6020
-6020
-6018
-6018
-6018
-6018
-6018
-6018
-6018
-6017
-6017
-6017
-6017
-6017
-6017
-6017
-6017
-6017
-6017
-6017
-6017
-6017
-6017
-6017
-6017
-6017
-6017
-6017
-6017
-6017
-6017
-6017
-6014
-6014
-6014
-6014
-6014
-6014
-6014
-6014
-6013
-6013
-6013
-6012
-6012
-6012
-6012
-6012
-6011
-6011
-6011
-6011
-6011
-6011
-6011
-6011
-6011
-6011
-6011
-6011
-6011
-6011
-6011
-6011
-6011
-6011
-6011
-6011
-6010
-6010
-6010
-6010
-6010
-6010
-6010
-6010
-6010
-6010
-6010
-6010
-6010
-6010
-6007
-6007
-6007
-6007
-6007
-6007
-6007
-6007
-6007
-6007
-6005
-6004
-6004
-6004
-6004
-6004
-6004
-6004
-6004
-6004
-6004
-6004
-6004
-6004
-6004
-6004
-6004
-6004
-6004
-6004
-6003
-6003
-6003
-6003
-6002
-6002
-6001
-6001
-6001
-6001
-6001
-6000
-6000
-5995
-5995
-5995
-5994
-5994
-5994
-5994
-5994
-5994
-5994
-5994
-5994
-5994
-5994
-5994
-5994
-5994
-5994
-5993
-5993
-5993
-5993
-5993
-5993
-5992
-5992
-5992
-5992
-5992
-5989
-5989
-5989
-5989
-5989
-5989
-5989
-5989
-5989
-5989
-5989
-5989
-5989
-5989
-5988
-5987
-5987
-5987
-5987
-5987
-5987
-5986
-5986
-5986
-5986
-5985
-5985
-5985
-5985
-5985
-5985
-5985
-5984
-5984
-5984
-5984
-5984
-5984
-5984
-5984
-5984
-5984
-5984
-5984
-5984
-5984
-5984
-5984
-5984
-5984
-5984
-5984
-5984
-5982
-5982
-5982
-5982
-5982
-5982
-5981
-5981
-5981
-5979
-5979
-5979
-5979
-5979
-5975
-5975
-5975
-5974
-5974
-5973
-5973
-5973
-5973
-5972
-5972
-5972
-5972
-5972
-5972
-5972
-5972
-5972
-5972
-5972
-5972
-5972
-5972
-5972
-5972
-5972
-5972
-5971
-5971
-5971
-5971
-5971
-5971
-5971
-5971
-5971
-5970
-5970
-5970
-5969
-5969
-5968
-5968
-5968
-5968
-5968
-5968
-5968
-5968
-5968
-5968
-5968
-5968
-5968
-5968
-5967
-5967
-5967
-5961
-5961
-5961
-5960
-5960
-5960
-5960
-5957
-5957
-5957
-5957
-5957
-5957
-5957
-5957
-5957
-5954
-5954
-5954
-5954
-5954
-5954
-5954
-5954
-5954
-5954
-5954
-5954
-5954
-5954
-5953
-5951
-5951
-5951
-5951
-5951
-5950
-5950
-5950
-5950
-5950
-5950
-5950
-5950
-5950
-5948
-5948
-5948
-5948
-5948
-5947
-5947
-5947
-5947
-5947
-5947
-5947
-5947
-5947
-5947
-5947
-5947
-5947
-5947
-5947
-5947
-5947
-5947
-5947
-5947
-5947
-5947
-5947
-5947
-5947
-5947
-5946
-5946
-5946
-5946
-5946
-5946
-5946
-5944
-5944
-5944
-5944
-5944
-5944
-5943
-5943
-5943
-5943
-5943
-5943
-5943
-5943
-5943
-5943
-5943
-5943
-5943
-5943
-5943
-5943
-5943
-5943
-5943
-5940
-5940
-5940
-5938
-5938
-5938
-5938
-5936
-5936
-5936
-5936
-5936
-5933
-5933
-5933
-5933
-5933
-5933
-5933
-5933
-5933
-5933
-5933
-5931
-5931
-5931
-5931
-5931
-5931
-5931
-5931
-5931
-5931
-5931
-5931
-5931
-5931
-5931
-5930
-5930
-5930
-5930
-5929
-5929
-5929
-5929
-5928
-5928
-5928
-5928
-5928
-5928
-5927
-5927
-5927
-5927
-5927
-5927
-5927
-5927
-5927
-5927
-5927
-5927
-5927
-5927
-5927
-5926
-5926
-5924
-5924
-5924
-5923
-5923
-5923
-5923
-5922
-5922
-5922
-5922
-5922
-5922
-5922
-5922
-5922
-5922
-3424
-3423
-3423
-3423
-3423
-3423
-3423
-3423
-3423
-3423
-3423
-3423
-3423
-3423
-3150
-3150
-3150
-1824
-1824
-1824
-1824
-1824
-1824
-1824
-1824
-1824
-1824
-1824
-1824
-1824
-1824
-1824
123
362
398
398
398
398
398
398
398
398
398
398
398
398
398
398
398
398
398
398
398
398
398
398
401
401
401
401
401
401
1176
1176
1176
1176
1176
1176
1176
1176
1176
1176
1176
1176
1176
1176
1615
1615
1615
1615
1615
1615
1615
1615
1615
1615
1615
1615
1615
1615
1615
1615
1615
1615
1615
1615
1615
1615
1621
1621
1621
1621
1621
1621
1621
1621
1621
1621
1621
1621
1621
1621
1621
1621
1621
1621
1621
1621
1621
1621
1621
1621
1621
1621
1621
1621
1621
1621
1621
1621
1621
1621
1622
1622
1622
1623
1623
1623
1623
1623
1623
1623
1623
1623
1623
1623
1623
1623
1623
1623
1623
1623
1623
1623
1623
1623
1623
1623
1623
1623
1623
1623
1623
1623
1624
1624
1624
1624
1624
1624
1629
1629
1629
1629
1629
1629
1629
1629
1629
1629
1642
1642
1642
1642
1804
1804
1804
1804
1804
1804
1804
1804
1804
1804
1804
1804
1804
1804
1804
1804
1804
1804
1804
1804
1804
1804
1804
1804
1804
1804
1804
1804
1804
1804
1804
1804
1804
1804
1804
1804
1804
1804
1804
1804
1804
1804
1804
1804
1804
1804
1804
1804
1804
1804
1804
1804
1804
1804
1804
1804
1804
1804
1804
1804
1804
1804
1804
1804
1804
1804
1804
1804
1804
1804
1804
1804
1804
1804
1804
1804
1804
1804
1804
1804
1804
1804
1804
1804
1804
1804
1804
1804
1804
1804
1804
1804
1804
1804
1804
1804
1804
1806
1806
1806
1806
1806
1806
1806
1806
1806
1806
1806
1806
1806
1806
1806
1806
1806
1806
1806
1806
1806
1806
1806
1806
1806
1806
1806
1806
1806
1806
1806
1806
1806
1806
1806
1806
1806
1806
1806
1806
1806
1806
1806
1809
1809
1809
1809
1809
1809
1809
1809
1809
1809
1809
1809
1809
1809
1809
1809
1809
1809
1809
1809
1809
1810
1810
1810
1810
1810
1810
1810
1810
1810
1810
1810
1831
1831
1831
1831
1831
1831
1850
1850
1850
1850
1850
1850
1850
1850
1850
1850
1850
1850
1850
1850
1850
1850
1850
1850
1850
1850
1850
1850
1850
1850
1850
1850
1850
1850
1850
1850
1850
1850
1850
1850
1850
1850
1851
1851
1973
1973
1973
1973
1973
1973
1973
1973
1973
1973
1976
1976
1976
1976
1976
1976
1977
1977
1977
1977
1978
1978
1978
1978
1978
1978
1978
1978
1978
1978
1978
1978
1978
1979
1979
1979
1979
1979
1979
1980
2075
2075
2075
2075
2075
2075
2075
2075
2075
2075
2075
2075
2075
2075
2075
2075
2075
2075
2075
2075
2075
2075
2075
2075
2075
2075
2075
2079
2079
2079
2079
2079
2079
2079
2079
2079
2079
2079
2079
2079
2079
2079
2079
2079
2079
2079
2079
2080
2080
2080
2081
2081
2081
2081
2081
2081
2081
2081
2081
2081
2081
2081
2081
2081
2081
2081
2081
2081
2081
2081
2084
2084
2084
2084
2084
2084
2084
2084
2084
2084
2084
2084
2084
2084
2084
2084
2087
2087
2087
2087
2087
2087
2087
2087
2087
2087
2676
2676
2676
2676
2677
2677
2677
2677
2677
2677
2677
2677
2677
2677
2677
2677
2679
2679
2679
2679
2679
2679
2679
2679
2679
2679
2685
2685
2685
2685
2685
2685
2685
2685
2685
2685
2685
2685
2815
2867
2867
2867
2867
2867
2867
2867
2867
2867
2867
2880
2880
2909
3111
3111
3111
3133
3139
3139
3146
3146
3146
3146
3146
3148
3188
3506
3636
3656
3671
3673
3673
3724
3743
3775
3775
3775
3775
3775
3777
3782
3782
3789
3809
3809
3809
3809
3809
3809
3809
3869
3869
3883
3904
3915
3915
3915
3934
3934
3934
3934
3934
3934
3952
3979
3979
3979
3997
4005
4005
4005
4005
4005
4005
4005
4026
4026
4045
4047
4047
4052
4052
4052
4052
4056
4065
4065
4065
4076
4076
4076
4080
4080
4080
4080
4080
4080
4080
4080
4081
4081
4093
4093
4093
4093
4093
4107
4107
4107
4107
4107
4107
4107
4107
4107
4109
4109
4109
4109
4109
4109
4109
4109
4122
4124
4124
4124
4124
4124
4127
4135
4136
4136
4136
4140
4140
4140
4140
4140
4140
4141
4143
4143
4143
4143
4143
4152
4152
4152
4152
4152
4152
4152
4152
4152
4153
4161
4162
4162
4163
4167
4167
4173
4173
4173
4173
4173
4173
4173
4173
4173
4173
4173
4175
4175
4176
4177
4179
4183
4187
4187
4187
4188
4188
4195
4195
4195
4195
4196
4197
4197
4197
4199
4199
4199
4199
4199
4201
4204
4204
4204
4204
4204
4204
4205
4205
4205
4205
4208
4208
4208
4208
4208
4208
4208
4210
4210
4210
4213
4213
4213
4213
4213
4213
4214
4214
4214
4214
4215
4218
4218
4218
4218
4218
4218
4218
4220
4220
4221
4221
4221
4221
4221
4221
4222
4222
4222
4222
4222
4222
4222
4222
4222
4222
4222
4223
4223
4223
4223
4223
4223
4223
4223
4223
4223
4223
4223
4223
4223
4224
4224
4224
4224
4224
4224
4225
4225
4225
4225
4225
4225
4225
4225
4225
4225
4225
4225
4228
4228
4228
4228
4228
4228
4228
4228
4228
4228
4228
4228
4228
4228
4228
4228
4228
4228
4228
4228
4231
4231
4231
4231
4231
4231
4231
4231
4231
4236
4236
4236
4236
4236
4236
4236
4236
4238
4238
4238
4238
4238
4238
4238
4238
4238
4238
4238
4238
4238
4238
4239
4239
4239
4239
4239
4241
4241
4241
4241
4241
4241
4248
4250
4250
4250
4250
4250
4250
4251
4251
4251
4251
4251
4251
4252
4252
4252
4252
4253
4253
4253
4254
4254
4254
4254
4254
4254
4254
4254
4256
4256
4257
4257
4257
4257
4257
4258
4258
4258
4258
4258
4258
4259
4259
4259
4259
4260
4260
4262
4262
4262
4263
4263
4263
4263
4263
4263
4263
4263
4263
4263
4263
4263
4263
4263
4263
4263
4263
4263
4263
4263
4263
4263
4263
4264
4264
4264
4265
4265
4266
4266
4266
4266
4267
4267
4267
4267
4267
4267
4267
4267
4267
4268
4268
4268
4268
4268
4268
4268
4268
4269
4269
4269
4269
4269
4269
4269
4269
4269
4272
4272
4272
4272
4272
4272
4272
4272
4272
4272
4272
4272
4272
4273
4273
4273
4273
4273
4274
4274
4275
4275
4275
4276
4276
4276
4276
4276
4276
4276
4276
4276
4276
4276
4276
4279
4279
4279
4279
4279
4279
4280
4280
4280
4281
4281
4284
4284
4284
4284
4284
4284
4284
4284
4285
4285
4285
4285
4285
4285
4285
4285
4285
4285
4289
4289
4290
4290
4293
4293
4293
4293
4293
4293
4293
4293
4293
4293
4293
4294
4294
4296
4296
4296
4296
4296
4296
4296
4296
4297
4297
4297
4297
4297
4297
4297
4299
4299
4299
4299
4299
4299
4299
4299
4299
4299
4299
4300
4300
4300
4300
4300
4300
4300
4300
4300
4300
4302
4302
4303
4303
4304
4304
4304
4305
4306
4306
4306
4306
4308
4308
4308
4308
4309
4309
4309
4309
4310
4310
4310
4310
4312
4312
4312
4314
4315
4315
4315
4315
4315
4319
4319
4319
4319
4319
4319
4319
4320
4320
4321
4321
4322
4322
4323
4323
4323
4323
4323
4323
4323
4323
4323
4323
4323
4323
4323
4323
4323
4323
4323
4323
4323
4323
4323
4323
4326
4326
4326
4329
4329
4329
4329
4329
4329
4329
4329
4329
4330
4330
4330
4330
4330
4330
4330
4330
4330
4330
4330
4330
4332
4333
4333
4333
4333
4333
4333
4333
4333
4335
4335
4335
4335
4335
4335
4335
4335
4337
4337
4337
4337
4337
4337
4337
4338
4338
4338
4341
4341
4341
4341
4341
4342
4342
4342
4342
4342
4342
4342
4342
4342
4342
4342
4343
4343
4343
4343
4343
4343
4343
4343
4343
4346
4346
4346
4346
4346
4346
4346
4346
4346
4346
4346
4347
4347
4351
4351
4351
4351
4351
4354
4354
4356
4356
4356
4356
4356
4356
4356
4356
4356
4356
4356
4356
4356
4356
4356
4356
4357
4357
4357
4357
4357
4357
4362
4362
4362
4363
4364
4364
4364
4364
4364
4364
4364
4364
4364
4364
4364
4364
4364
4364
4364
4364
4365
4367
4367
4367
4367
4367
4368
4368
4369
4369
4369
4369
4369
4369
4369
4369
4370
4370
4373
4373
4373
4376
4376
4376
4376
4376
4376
4376
4376
4376
4376
4376
4378
4378
4378
4378
4378
4378
4378
4378
4378
4378
4378
4378
4378
4380
4380
4380
4380
4380
4380
4380
4380
4380
4380
4380
4381
4381
4381
4381
4381
4381
4381
4381
4381
4381
4381
4381
4382
4382
4382
4382
4382
4382
4382
4384
4385
4385
4385
4385
4385
4385
4385
4385
4385
4385
4385
4385
4385
4385
4385
4386
4386
4386
4386
4386
4386
4386
4386
4386
4386
4386
4386
4387
4387
4388
4388
4388
4389
4389
4389
4389
4389
4391
4391
4391
4391
4391
4392
4392
4392
4392
4393
4393
4393
4393
4393
4393
4393
4393
4393
4394
4394
4394
4394
4394
4394
4394
4394
4395
4396
4396
4396
4396
4397
4397
4397
4397
4397
4397
4397
4397
4397
4399
4399
4399
4399
4400
4400
4401
4401
4401
4401
4401
4401
4401
4401
4402
4402
4402
4402
4402
4402
4406
4406
4406
4407
4407
4407
4407
4407
4407
4407
4407
4407
4407
4407
4407
4407
4407
4409
4409
4410
4410
4410
4410
4410
4410
4410
4410
4410
4411
4411
4411
4411
4411
4411
4411
4411
4411
4412
4412
4412
4412
4412
4412
4412
4412
4412
4414
4414
4414
4414
4414
4414
4414
4414
4414
4414
4414
4414
4414
4415
4415
4415
4415
4415
4415
4415
4416
4416
4416
4416
4416
4416
4416
4417
4417
4417
4417
4417
4417
4417
4417
4417
4417
4420
4420
4420
4420
4420
4420
4420
4420
4420
4420
4420
4420
4420
4420
4420
4420
4420
4420
4420
4420
4420
4420
4420
4420
4420
4420
4420
4420
4420
4423
4423
4423
4423
4423
4423
4424
4424
4424
4424
4424
4424
4424
4424
4424
4424
4424
4424
4425
4425
4425
4425
4425
4426
4426
4426
4427
4427
4428
4428
4429
4429
4429
4429
4429
4429
4430
4430
4430
4430
4430
4430
4431
4431
4431
4431
4431
4431
4432
4432
4432
4432
4432
4432
4432
4432
4432
4432
4433
4433
4433
4433
4433
4433
4433
4433
4433
4433
4433
4433
4433
4434
4438
4438
4438
4438
4438
4438
4438
4438
4438
4438
4438
4438
4440
4440
4440
4440
4440
4440
4441
4441
4441
4441
4441
4441
4441
4441
4441
4441
4441
4441
4441
4442
4442
4442
4442
4442
4442
4442
4442
4442
4442
4445
4445
4445
4445
4446
4446
4446
4446
4446
4446
4446
4446
4446
4446
4446
4446
4446
4446
4446
4446
4446
4447
4447
4447
4447
4447
4447
4449
4449
4449
4449
4449
4450
4450
4450
4450
4450
4451
4452
4452
4452
4452
4452
4452
4452
4452
4452
4453
4453
4453
4453
4453
4453
4453
4453
4453
4453
4453
4453
4453
4453
4453
4453
4453
4453
4453
4453
4453
4454
4454
4454
4454
4454
4454
4454
4454
4454
4454
4454
4454
4454
4454
4454
4455
4455
4455
4455
4455
4455
4455
4455
4455
4455
4455
4455
4455
4455
4455
4455
4455
4455
4455
4455
4455
4455
4455
4455
4455
4455
4455
4458
4458
4458
4458
4458
4458
4458
4458
4458
4458
4458
4458
4458
4460
4460
4460
4460
4460
4460
4460
4460
4460
4460
4460
4460
4460
4460
4460
4460
4460
4460
4460
4460
4460
4460
4461
4461
4461
4461
4461
4461
4461
4462
4462
4462
4463
4463
4463
4464
4464
4464
4464
4464
4464
4464
4464
4464
4464
4466
4466
4466
4466
4466
4467
4467
4467
4467
4467
4467
4468
4468
4468
4468
4468
4468
4468
4468
4468
4468
4468
4468
4468
4470
4470
4470
4470
4470
4470
4470
4470
4471
4471
4471
4471
4471
4471
4471
4472
4472
4472
4472
4472
4472
4472
4472
4472
4472
4472
4472
4472
4474
4474
4474
4474
4474
4474
4474
4474
4474
4474
4474
4480
4480
4480
4480
4480
4480
4482
4482
4482
4482
4482
4482
4482
4482
4482
4482
4483
4483
4483
4483
4483
4483
4483
4483
4483
4483
4483
4483
4483
4483
4486
4486
4486
4486
4486
4486
4486
4486
4486
4486
4486
4486
4486
4486
4489
4489
4489
4489
4489
4491
4491
4491
4494
4494
4495
4495
4495
4495
4495
4495
4496
4496
4496
4496
4496
4496
4497
4497
4497
4497
4497
4497
4497
4497
4497
4497
4497
4497
4497
4497
4497
4497
4497
4497
4497
4497
4499
4499
4499
4500
4500
4500
4500
4500
4500
4500
4500
4500
4500
4500
4500
4500
4500
4500
4500
4500
4500
4500
4500
4500
4500
4500
4500
4500
4500
4500
4501
4501
4501
4501
4501
4501
4503
4503
4503
4503
4504
4504
4504
4504
4504
4504
4506
4506
4506
4506
4506
4506
4506
4506
4508
4508
4508
4509
4509
4509
4510
4510
4510
4510
4511
4511
4512
4512
4512
4513
4513
4513
4513
4514
4514
4514
4514
4514
4515
4515
4515
4515
4515
4515
4516
4516
4516
4516
4516
4516
4516
4516
4516
4516
4516
4516
4517
4517
4517
4518
4518
4518
4518
4519
4520
4520
4520
4521
4521
4521
4521
4521
4522
4522
4522
4522
4522
4524
4525
4525
4525
4525
4525
4525
4525
4525
4525
4525
4525
4525
4526
4526
4526
4526
4526
4526
4526
4526
4526
4526
4526
4526
4527
4527
4527
4528
4528
4528
4528
4528
4529
4529
4529
4529
4529
4529
4529
4529
4529
4529
4529
4529
4529
4529
4529
4529
4529
4529
4529
4529
4529
4529
4529
4529
4529
4529
4529
4529
4529
4529
4529
4529
4529
4529
4534
4534
4534
4534
4534
4534
4534
4534
4534
4534
4534
4534
4535
4535
4535
4535
4535
4535
4535
4535
4535
4535
4535
4535
4535
4535
4535
4536
4536
4536
4536
4536
4536
4537
4537
4537
4537
4537
4537
4537
4537
4537
4537
4538
4538
4538
4539
4539
4539
4539
4539
4539
4539
4539
4539
4539
4539
4540
4540
4540
4541
4541
4541
4541
4541
4541
4542
4542
4542
4542
4542
4542
4542
4542
4542
4542
4542
4542
4542
4544
4544
4544
4544
4544
4544
4544
4545
4545
4545
4545
4546
4546
4547
4547
4548
4548
4549
4549
4549
4549
4549
4549
4549
4549
4549
4549
4549
4549
4549
4549
4549
4552
4552
4552
4552
4552
4552
4552
4552
4552
4552
4552
4552
4552
4552
4552
4552
4552
4552
4552
4552
4552
4552
4552
4552
4552
4552
4553
4553
4553
4553
4553
4553
4553
4554
4554
4554
4555
4555
4557
4558
4558
4558
4558
4558
4558
4558
4558
4558
4558
4558
4558
4558
4558
4558
4559
4559
4559
4559
4559
4559
4559
4561
4561
4561
4561
4561
4561
4561
4561
4561
4561
4561
4562
4562
4562
4562
4562
4563
4563
4563
4563
4563
4564
4565
4565
4565
4565
4566
4566
4566
4567
4567
4567
4567
4567
4567
4567
4567
4567
4567
4567
4567
4567
4568
4568
4568
4570
4570
4571
4571
4571
4571
4571
4571
4571
4571
4571
4571
4571
4571
4571
4571
4572
4572
4572
4572
4572
4572
4574
4574
4574
4574
4574
4575
4575
4575
4575
4575
4575
4575
4575
4575
4575
4578
4578
4578
4578
4578
4578
4578
4578
4578
4578
4579
4579
4579
4579
4579
4579
4579
4579
4579
4579
4580
4580
4580
4580
4580
4580
4581
4581
4581
4581
4581
4581
4582
4582
4582
4582
4582
4582
4582
4582
4582
4582
4583
4583
4583
4583
4583
4583
4583
4583
4583
4583
4583
4583
4584
4584
4584
4584
4584
4584
4584
4585
4585
4585
4585
4585
4585
4585
4585
4585
4585
4585
4587
4587
4588
4588
4588
4588
4588
4588
4588
4588
4588
4588
4588
4588
4589
4589
4589
4589
4589
4589
4589
4589
4589
4589
4589
4589
4589
4589
4589
4589
4589
4589
4589
4589
4589
4589
4589
4589
4589
4589
4589
4589
4589
4589
4589
4589
4589
4589
4590
4590
4591
4591
4591
4591
4591
4591
4591
4591
4591
4591
4591
4591
4591
4591
4591
4591
4592
4592
4592
4592
4592
4593
4593
4593
4593
4593
4593
4593
4593
4593
4593
4593
4593
4593
4593
4593
4593
4593
4593
4595
4596
4596
4596
4596
4596
4596
4596
4597
4597
4597
4597
4597
4597
4597
4597
4597
4597
4597
4597
4597
4597
4597
4597
4597
4597
4598
4599
4599
4599
4599
4599
4599
4599
4600
4600
4600
4600
4600
4600
4603
4603
4603
4606
4606
4606
4606
4606
4606
4607
4607
4607
4607
4607
4607
4607
4607
4608
4608
4608
4608
4608
4608
4608
4608
4608
4608
4608
4608
4608
4608
4609
4609
4609
4609
4609
4609
4609
4609
4609
4609
4609
4609
4609
4609
4609
4609
4609
4609
4610
4610
4610
4610
4610
4610
4610
4611
4611
4611
4612
4612
4613
4613
4613
4613
4613
4613
4613
4613
4613
4614
4614
4614
4614
4614
4614
4615
4615
4615
4615
4615
4615
4616
4616
4616
4616
4616
4616
4617
4617
4617
4617
4617
4617
4617
4617
4618
4618
4618
4618
4618
4618
4618
4619
4619
4619
4620
4621
4621
4621
4621
4621
4623
4623
4623
4623
4623
4623
4623
4623
4623
4624
4624
4624
4624
4624
4624
4624
4624
4624
4624
4624
4627
4627
4627
4627
4627
4627
4627
4627
4627
4628
4628
4630
4630
4630
4630
4631
4631
4631
4634
4634
4634
4635
4635
4635
4635
4635
4635
4635
4635
4635
4635
4635
4635
4635
4635
4635
4635
4635
4635
4635
4635
4635
4635
4635
4635
4635
4635
4635
4635
4635
4635
4638
4638
4638
4638
4638
4639
4639
4640
4640
4640
4640
4640
4640
4640
4640
4640
4640
4640
4641
4641
4641
4641
4641
4641
4641
4641
4641
4641
4641
4641
4642
4642
4642
4642
4642
4642
4642
4642
4642
4642
4642
4642
4642
4642
4642
4642
4642
4642
4642
4642
4642
4642
4642
4642
4642
4642
4642
4642
4642
4642
4642
4642
4642
4642
4644
4644
4644
4644
4644
4644
4644
4644
4644
4644
4644
4644
4644
4644
4644
4644
4644
4644
4644
4644
4644
4644
4644
4644
4644
4644
4644
4644
4644
4644
4644
4644
4644
4644
4644
4644
4644
4646
4646
4646
4646
4646
4646
4646
4646
4646
4646
4646
4646
4647
4647
4647
4647
4647
4647
4647
4647
4647
4650
4650
4650
4650
4650
4650
4650
4650
4650
4650
4651
4651
4651
4651
4651
4651
4651
4651
4651
4651
4652
4652
4652
4652
4652
4652
4652
4652
4652
4652
4652
4652
4652
4652
4652
4652
4652
4652
4652
4653
4653
4653
4653
4653
4653
4653
4653
4653
4653
4653
4653
4653
4653
4653
4653
4653
4653
4653
4653
4653
4653
4653
4653
4653
4653
4653
4653
4653
4653
4653
4653
4653
4653
4653
4653
4653
4653
4653
4653
4653
4653
4653
4653
4653
4653
4653
4653
4653
4654
4654
4654
4654
4654
4654
4655
4655
4655
4655
4655
4655
4655
4655
4655
4655
4656
4656
4656
4656
4656
4656
4656
4656
4657
4657
4658
4659
4659
4659
4659
4659
4659
4659
4659
4659
4659
4659
4659
4659
4659
4659
4660
4660
4660
4660
4660
4660
4660
4660
4660
4660
4660
4661
4661
4661
4661
4661
4661
4661
4661
4661
4661
4661
4661
4661
4661
4661
4661
4661
4661
4661
4661
4661
4661
4661
4661
4661
4661
4661
4661
4661
4661
4661
4661
4661
4661
4661
4661
4661
4661
4661
4662
4662
4662
4662
4662
4662
4662
4662
4662
4662
4662
4662
4662
4662
4662
4662
4662
4662
4662
4662
4662
4662
4662
4662
4662
4662
4662
4662
4662
4662
4662
4662
4662
4662
4662
4662
4662
4662
4662
4662
4662
4662
4662
4663
4663
4663
4663
4663
4663
4663
4664
4664
4664
4664
4664
4664
4664
4664
4664
4664
4664
4664
4664
4664
4664
4664
4664
4664
4664
4664
4664
4664
4664
4665
4665
4665
4665
4665
4665
4665
4665
4665
4665
4665
4665
4665
4665
4665
4665
4665
4665
4665
4665
4665
4665
4665
4665
4665
4665
4665
4665
4665
4665
4665
4665
4665
4666
4666
4666
4666
4666
4666
4666
4666
4666
4666
4666
4666
4666
4666
4666
4666
4666
4666
4666
4667
4667
4667
4667
4667
4667
4667
4667
4667
4667
4667
4667
4668
4668
4668
4668
4668
4668
4668
4668
4668
4668
4668
4669
4669
4669
4669
4670
4670
4670
4670
4670
4670
4670
4670
4670
4670
4670
4670
4670
4670
4670
4670
4670
4670
4670
4671
4671
4671
4671
4671
4671
4671
4671
4671
4671
4671
4671
4671
4671
4671
4671
4671
4671
4671
4671
4671
4671
4671
4671
4671
4671
4671
4671
4671
4671
4671
4671
4671
4671
4671
4671
4671
4671
4671
4671
4671
4671
4671
4671
4671
4671
4671
4671
4671
4671
4671
4671
4671
4671
4671
4671
4671
4671
4671
4671
4671
4671
4671
4671
4671
4672
4672
4672
4672
4672
4672
4672
4672
4672
4672
4672
4672
4672
4672
4674
4674
4674
4674
4674
4674
4674
4674
4674
4674
4674
4674
4674
4674
4674
4674
4674
4674
4675
4675
4675
4675
4675
4675
4675
4675
4675
4675
4675
4675
4675
4675
4675
4675
4675
4677
4677
4677
4677
4677
4677
4677
4677
4677
4677
4677
4677
4677
4677
4677
4678
4678
4678
4678
4678
4678
4678
4678
4678
4678
4678
4678
4678
4678
4678
4678
4678
4678
4679
4679
4679
4679
4679
4679
4679
4679
4679
4679
4679
4679
4679
4679
4679
4679
4679
4680
4680
4680
4680
4680
4680
4680
4680
4680
4680
4680
4680
4680
4680
4680
4680
4680
4680
4680
4680
4680
4680
4680
4680
4680
4680
4680
4680
4680
4680
4680
4680
4680
4680
4680
4680
4681
4681
4681
4681
4683
4683
4683
4684
4684
4684
4684
4684
4684
4684
4684
4684
4684
4684
4684
4684
4684
4684
4684
4684
4684
4684
4684
4684
4684
4684
4684
4684
4684
4684
4684
4684
4684
4684
4684
4684
4684
4684
4684
4684
4684
4685
4685
4685
4685
4685
4685
4685
4685
4685
4685
4685
4685
4685
4685
4685
4685
4685
4685
4685
4685
4685
4685
4685
4685
4685
4685
4685
4685
4685
4685
4685
4685
4685
4685
4685
4686
4686
4686
4686
4686
4686
4686
4686
4686
4686
4686
4686
4686
4686
4686
4686
4687
4687
4687
4687
4687
4687
4687
4687
4687
4687
4687
4688
4688
4688
4688
4688
4688
4688
4688
4688
4688
4688
4688
4688
4688
4688
4688
4688
4688
4688
4688
4688
4688
4688
4688
4688
4688
4688
4688
4688
4688
4688
4688
4688
4688
4688
4688
4688
4688
4688
4688
4688
4688
4688
4688
4688
4688
4688
4689
4689
4689
4689
4689
4689
4689
4689
4689
4689
4689
4689
4689
4689
4689
4689
4689
4689
4689
4689
4689
4690
4690
4690
4690
4690
4690
4690
4690
4690
4690
4690
4690
4690
4690
4690
4690
4690
4690
4690
4690
4690
4690
4690
4690
4690
4690
4690
4690
4690
4691
4691
4691
4691
4691
4691
4691
4691
4691
4691
4691
4691
4692
4692
4692
4692
4692
4692
4692
4692
4692
4692
4692
4692
4692
4692
4692
4692
4692
4692
4693
4693
4693
4693
4693
4693
4693
4693
4694
4694
4694
4694
4694
4694
4694
4694
4694
4694
4694
4694
4694
4694
4694
4694
4694
4694
4694
4694
4694
4695
4695
4695
4695
4695
4695
4695
4695
4695
4695
4695
4695
4695
4695
4695
4695
4695
4695
4695
4695
4695
4695
4695
4695
4695
4695
4695
4695
4695
4695
4695
4695
4695
4695
4695
4695
4695
4695
4695
4695
4695
4696
4696
4696
4696
4696
4696
4697
4697
4697
4697
4697
4697
4697
4697
4697
4697
4697
4697
4697
4697
4697
4697
4697
4697
4698
4698
4698
4698
4698
4698
4698
4698
4698
4698
4699
4699
4699
4699
4699
4699
4699
4700
4700
4700
4700
4700
4700
4700
4700
4700
4700
4700
4700
4700
4700
4700
4700
4700
4700
4700
4700
4700
4700
4700
4701
4701
4701
4701
4701
4701
4701
4701
4701
4701
4701
4701
4701
4701
4702
4702
4702
4702
4702
4702
4702
4702
4702
4702
4702
4702
4702
4702
4702
4702
4702
4702
4702
4702
4702
4702
4702
4702
4702
4702
4702
4702
4702
4702
4702
4702
4702
4702
4703
4703
4703
4703
4703
4703
4703
4703
4703
4703
4703
4704
4704
4704
4704
4704
4704
4704
4704
4704
4704
4704
4704
4704
4704
4704
4704
4704
4704
4704
4704
4705
4705
4705
4705
4705
4705
4705
4705
4706
4706
4706
4706
4706
4706
4706
4706
4706
4706
4706
4706
4706
4706
4706
4706
4706
4706
4706
4706
4706
4706
4706
4706
4706
4706
4706
4706
4706
4706
4706
4706
4706
4706
4707
4707
4707
4707
4707
4707
4707
4708
4708
4708
4708
4708
4708
4708
4708
4708
4708
4708
4708
4708
4708
4708
4708
4708
4709
4709
4709
4709
4709
4709
4709
4709
4709
4709
4709
4709
4709
4709
4709
4709
4709
4709
4709
4709
4709
4709
4710
4710
4710
4710
4710
4710
4710
4710
4710
4710
4710
4710
4710
4710
4710
4710
4710
4710
4710
4710
4710
4710
4710
4710
4710
4710
4710
4710
4710
4710
4710
4710
4710
4710
4710
4710
4710
4710
4710
4710
4710
4710
4710
4710
4710
4710
4710
4710
4710
4710
4711
4711
4711
4711
4711
4711
4711
4711
4711
4711
4711
4711
4711
4711
4711
4711
4711
4711
4711
4711
4711
4711
4712
4712
4712
4712
4712
4712
4712
4712
4712
4712
4712
4712
4712
4712
4712
4712
4712
4712
4712
4712
4712
4713
4713
4713
4713
4713
4713
4713
4713
4713
4713
4713
4713
4713
4713
4713
4713
4713
4713
4713
4713
4713
4713
4713
4713
4713
4713
4713
4713
4713
4713
4713
4713
4714
4714
4714
4714
4714
4714
4714
4715
4715
4715
4715
4715
4715
4715
4715
4715
4715
4715
4715
4715
4715
4715
4715
4715
4715
4715
4715
4715
4715
4715
4715
4715
4715
4715
4715
4715
4715
4716
4716
4716
4716
4716
4716
4716
4716
4716
4716
4716
4716
4716
4716
4716
4716
4716
4716
4716
4716
4716
4716
4716
4716
4716
4716
4716
4716
4716
4716
4716
4716
4716
4716
4716
4716
4716
4716
4716
4716
4716
4716
4716
4716
4716
4716
4716
4716
4716
4716
4716
4716
4716
4716
4716
4716
4716
4716
4716
4716
4716
4716
4716
4716
4716
4716
4716
4716
4717
4717
4717
4717
4717
4717
4717
4717
4717
4717
4717
4717
4717
4717
4717
4717
4717
4717
4717
4717
4717
4717
4717
4717
4717
4717
4717
4717
4717
4717
4717
4717
4717
4717
4717
4717
4717
4717
4717
4717
4717
4717
4717
4717
4717
4717
4717
4717
4717
4717
4717
4717
4717
4717
4717
4717
4717
4718
4718
4718
4718
4718
4718
4718
4718
4718
4718
4718
4718
4718
4718
4718
4718
4718
4718
4718
4718
4718
4718
4718
4718
4718
4718
4718
4718
4718
4718
4718
4718
4718
4718
4718
4718
4718
4718
4718
4718
4718
4718
4718
4718
4718
4718
4718
4718
4718
4718
4718
4718
4718
4718
4718
4718
4718
4718
4718
4718
4718
4718
4718
4718
4718
4718
4718
4718
4718
4718
4718
4718
4718
4718
4718
4718
4718
4718
4718
4718
4718
4718
4718
4718
4718
4718
4718
4718
4718
4718
4718
4718
4718
4718
4718
4718
4718
4718
4718
4718
4718
4718
4718
4718
4718
4718
4718
4718
4718
4718
4718
4718
4718
4718
4718
4718
4718
4718
4718
4718
4718
4718
4718
4718
4718
4718
4718
4718
4718
4718
4718
4718
4718
4718
4719
4719
4719
4719
4719
4719
4719
4719
4719
4719
4719
4719
4719
4719
4719
4719
4719
4719
4719
4719
4719
4719
4719
4719
4719
4719
4719
4719
4719
4719
4719
4719
4719
4719
4719
4719
4719
4719
4719
4719
4719
4719
4719
4719
4719
4719
4719
4719
4719
4719
4719
4719
4719
4719
4719
4719
4719
4719
4719
4719
4719
4719
4719
4719
4719
4719
4719
4719
4719
4719
4719
4719
4719
4719
4719
4719
4719
4719
4719
4719
4719
4719
4719
4719
4719
4719
4719
4719
4719
4719
4719
4719
4719
4719
4719
4719
4719
4719
4719
4719
4719
4719
4720
4720
4720
4720
4720
4720
4720
4720
4721
4721
4721
4721
4721
4721
4721
4721
4721
4721
4721
4721
4721
4721
4721
4721
4721
4721
4721
4721
4721
4721
4721
4721
4721
4721
4721
4721
4721
4721
4722
4722
4722
4722
4722
4722
4722
4722
4722
4722
4722
4722
4722
4722
4722
4722
4722
4722
4722
4722
4722
4722
4722
4722
4722
4722
4722
4722
4722
4722
4722
4722
4723
4723
4723
4723
4723
4723
4723
4723
4723
4723
4723
4723
4723
4723
4723
4723
4723
4723
4723
4723
4723
4723
4723
4723
4723
4723
4723
4723
4723
4723
4723
4723
4723
4723
4723
4723
4723
4723
4723
4723
4723
4723
4723
4723
4723
4723
4723
4723
4723
4723
4723
4723
4723
4723
4724
4724
4724
4724
4724
4724
4724
4724
4724
4725
4725
4725
4725
4725
4725
4725
4725
4725
4725
4725
4725
4725
4725
4725
4725
4725
4725
4725
4725
4725
4725
4725
4725
4725
4725
4725
4725
4725
4725
4725
4725
4725
4725
4725
4725
4725
4725
4726
4726
4726
4726
4726
4726
4726
4726
4726
4726
4726
4726
4726
4726
4726
4726
4726
4726
4726
4727
4727
4727
4727
4727
4727
4727
4727
4727
4727
4727
4727
4727
4727
4727
4727
4727
4727
4727
4727
4727
4727
4727
4727
4727
4727
4727
4727
4727
4727
4727
4727
4727
4727
4727
4727
4727
4727
4727
4727
4728
4728
4728
4728
4728
4728
4728
4728
4728
4728
4728
4728
4728
4728
4728
4728
4728
4728
4728
4728
4728
4728
4728
4728
4728
4728
4728
4728
4728
4728
4728
4728
4728
4728
4728
4728
4728
4728
4728
4728
4728
4728
4728
4728
4728
4728
4728
4728
4728
4728
4728
4728
4728
4728
4728
4728
4728
4728
4728
4728
4728
4728
4728
4728
4728
4728
4728
4728
4728
4728
4728
4728
4728
4728
4728
4728
4728
4728
4728
4728
4728
4728
4728
4728
4728
4728
4728
4728
4728
4728
4728
4728
4728
4728
4728
4728
4728
4728
4728
4728
4728
4728
4728
4728
4728
4728
4728
4728
4728
4728
4728
4728
4728
4728
4728
4728
4728
4728
4728
4728
4728
4728
4728
4728
4728
4728
4728
4728
4728
4728
4728
4728
4728
4728
4728
4728
4728
4728
4728
4728
4728
4728
4728
4728
4728
4728
4728
4728
4728
4728
4728
4728
4728
4728
4728
4728
4728
4728
4728
4728
4728
4728
4728
4728
4728
4728
4728
4728
4728
4728
4728
4728
4728
4728
4728
4728
4728
4728
4728
4728
4728
4728
4728
4728
4728
4728
4728
4728
4728
4728
4728
4728
4728
4728
4728
4728
4728
4728
4728
4728
4728
4728
4728
4728
4728
4728
4728
4728
4728
4728
4728
4728
4728
4728
4728
4728
4728
4728
4728
4728
4728
4728
4728
4728
4728
4728
4728
4728
4728
4728
4728
4728
4728
4728
4728
4728
4728
4728
4728
4728
4728
4728
4728
4728
4728
4728
4728
4728
4728
4728
4728
4728
4728
4728
4728
4728
4728
4728
4728
4728
4728
4728
4728
4728
4728
4728
4728
4728
4728
4728
4728
4728
4728
4728
4728
4728
4728
4728
4728
4728
4728
4728
4728
4728
4728
4728
4728
4728
4728
4728
4728
4728
4728
4728
4728
4728
4728
4728
4728
4728
4728
4728
4728
4728
4728
4728
4728
4728
4728
4728
4728
4728
4728
4728
4728
4728
4728
4728
4728
4728
4728
4728
4728
4728
4728
4728
4728
4728
4728
4728
4728
4728
4728
4728
4728
4728
4728
4728
4728
4728
4728
4728
4728
4728
4728
4728
4728
4728
4728
4728
4728
4728
4728
4728
4728
4728
4728
4728
4728
4728
4728
4728
4728
4728
4728
4728
4728
4728
4728
4728
4728
4728
4728
4728
4728
4728
4728
4728
4728
4728
4728
4728
4728
4728
4728
4728
4728
4728
4728
4728
4728
4728
4728
4728
4728
4728
4728
4728
4728
4728
4728
4728
4728
4728
4728
4728
4728
4728
4728
4728
4728
4728
4728
4728
4728
4728
4728
4728
4728
4728
4728
4728
4728
4728
4728
4728
4728
4728
4728
4728
4728
4728
4728
4728
4728
4728
4728
4728
4728
4728
4728
4728
4728
4728
4728
4728
4728
4728
4728
4728
4728
4728
4728
4728
4728
4728
4728
4728
4728
4728
4728
4728
4728
4728
4728
4728
4728
4728
4728
4728
4728
4728
4728
4728
4728
4728
4728
4728
4728
4728
4728
4728
4728
4728
4728
4728
4728
4728
4728
4728
4728
4728
4728
4728
4728
4728
4728
4728
4728
4728
4728
4728
4728
4728
4728
4728
4728
4728
4728
4728
4728
4728
4728
4728
4728
4728
4728
4728
4728
4728
4728
4728
4728
4728
4728
4728
4728
4728
4728
4728
4728
4728
4728
4728
4728
4728
4728
4728
4728
4728
4728
4728
4728
4728
4728
4728
4728
4728
4728
4728
4728
4728
4728
4728
4728
4728
4728
4728
4728
4728
4728
4728
4728
4728
4728
4728
4728
4728
4728
4728
4728
4728
4728
4728
4728
4728
4728
4728
4728
4728
4728
4728
4728
4728
4728
4728
4728
4728
4728
4728
4728
4728
4728
4728
4728
4728
4728
4728
4728
4728
4728
4728
4728
4728
4728
4728
4728
4728
4728
4728
4728
4728
4728
4728
4728
4728
4728
4728
4728
4728
4728
4728
4728
4728
4728
4728
4728
4728
4728
4728
4728
4728
4728
4728
4728
4728
4728
4728
4728
4728
4728
4728
4728
4728
4728
4728
4728
4728
4728
4728
4728
4728
4728
4728
4728
4728
4728
4728
4728
4728
4728
4728
4728
4728
4728
4728
4728
4728
4728
4728
4728
4728
4728
4728
4728
4728
4728
4728
4728
4728
4728
4728
4728
4728
4728
4728
4728
4728
4728
4728
4728
4728
4728
4728
4728
4728
4728
4728
4728
4728
4728
4728
4728
4728
4728
4728
4728
4728
4728
4728
4728
4728
4728
4728
4728
4728
4728
4728
4728
4728
4728
4728
4728
4728
4728
4728
4728
4728
4728
4728
4728
4728
4728
4728
4728
4728
4728
4728
4728
4728
4728
4728
4728
4728
4728
4728
4728
4728
4728
4728
4728
4728
4728
4728
4728
4728
4728
4728
4728
4728
4728
4728
4728
4728
4728
4728
4728
4728
4728
4728
4728
4728
4728
4728
4728
4728
4728
4728
4728
4728
4728
4728
4728
4728
4728
4728
4728
4728
4728
4728
4728
4728
4728
4728
4728
4728
4728
4728
4728
4728
4728
4728
4728
4728
4728
4728
4728
4728
4728
4728
4728
4728
4728
4728
4728
4728
4728
4728
4728
4728
4728
4728
4728
4728
4728
4728
4728
4728
4728
4728
4728
4728
4728
4728
4728
4728
4728
4728
4728
4728
4728
4728
4728
4728
4728
4728
4728
4728
4728
4728
4728
4728
4728
4728
4728
4728
4728
4728
4728
4728
4728
4728
4728
4728
4728
4728
4728
4728
4728
4728
4728
4728
4728
4728
4728
4728
4728
4728
4728
4728
4728
4728
4728
4728
4728
4728
4728
4728
4728
4728
4728
4728
4728
4728
4728
4728
4728
4728
4728
4728
4728
4728
4728
4728
4728
4728
4728
4728
4728
4728
4728
4728
4728
4728
4728
4728
4728
4728
4728
4728
4728
4728
4728
4728
4728
4728
4728
4728
4728
4728
4728
4728
4728
4728
4728
4728
4728
4728
4728
4728
4728
4728
4728
4728
4728
4728
4728
4728
4728
4728
4728
4728
4728
4728
4728
4728
4728
4728
4728
4728
4728
4728
4728
4728
4728
4728
4728
4728
4728
4728
4728
4728
4728
4728
4728
4728
4728
4728
4728
4728
4728
4728
4728
4728
4728
4728
4728
4728
4728
4728
4728
4728
4728
4728
4728
4728
4728
4728
4728
4728
4728
4728
4728
4728
4728
4728
4728
4728
4728
4728
4728
4728
4728
4728
4728
4728
4728
4728
4728
4728
4728
4728
4728
4728
4728
4728
4728
4728
4728
4728
4728
4728
4728
4728
4728
4728
4728
4728
4728
4728
4728
4728
4728
4728
4728
4728
4728
4728
4728
4728
4728
4728
4728
4728
4728
4728
4728
4728
4728
4728
4728
4728
4728
4728
4728
4728
4728
4728
4728
4728
4728
4728
4728
4728
4728
4728
4728
4728
4728
4728
4728
4728
4728
4728
4728
4728
4728
4728
4728
4728
4728
4728
4728
4728
4728
4728
4728
4728
4728
4728
4728
4728
4728
4728
4728
4728
4728
4728
4728
4728
4728
4728
4728
4728
4728
4728
4728
4728
4728
4728
4728
4728
4728
4728
4728
4728
4728
4728
4728
4728
4728
4728
4728
4728
4728
4728
4728
4728
4728
4728
4728
4728
4728
4728
4728
4728
4728
4728
4728
4728
4728
4728
4728
4728
4728
4728
4728
4728
4728
4728
4728
4728
4728
4728
4728
4728
4728
4728
4728
4728
4728
4728
4728
4728
4728
4728
4728
4728
4728
4728
4728
4728
4728
4728
4728
4728
4728
4728
4728
4728
4728
4728
4728
4728
4728
4728
4728
4728
4728
4728
4728
4728
4728
4728
4728
4728
4728
4728
4728
4728
4728
4728
4728
4728
4728
4728
4728
4728
4728
4728
4728
4728
4728
4728
4728
4728
4728
4728
4728
4728
4728
4728
4728
4728
4728
4728
4728
4728
4728
4728
4728
4728
4728
4728
4728
4728
4728
4728
4728
4728
4728
4728
4728
4728
4728
4728
4728
4728
4728
4728
4728
4728
4728
4728
4728
4728
4728
4728
4728
4728
4728
4728
4728
4728
4728
4728
4728
4728
4728
4728
4728
4728
4728
4728
4728
4728
4728
4728
4728
4728
4728
4728
4728
4728
4728
4728
4728
4728
4728
4728
4728
4728
4728
4728
4728
4728
4728
4728
4728
4728
4728
4728
4728
4728
4728
4728
4728
4728
4728
4728
4728
4728
4728
4728
4728
4728
4728
4728
4728
4728
4728
4728
4728
4728
4728
4728
4728
4728
4728
4728
4728
4728
4728
4728
4728
4728
4728
4728
4728
4728
4728
4728
4728
4728
4728
4728
4728
4728
4728
4728
4728
4728
4728
4728
4728
4728
4728
4728
4728
4728
4728
4728
4728
4728
4728
4728
4728
4728
4728
4728
4728
4728
4728
4728
4728
4728
4728
4728
4728
4728
4728
4728
4728
4728
4728
4728
4728
4728
4728
4728
4728
4728
4728
4728
4728
4728
4728
4728
4728
4728
4728
4728
4728
4728
4728
4728
4728
4728
4728
4728
4728
4728
4728
4728
4728
4728
4728
4728
4728
4728
4728
4728
4728
4728
4728
4728
4728
4728
4728
4728
4728
4728
4728
4728
4728
4728
4728
4728
4728
4728
4728
4728
4728
4728
4728
4728
4728
4728
4728
4728
4728
4728
4728
4728
4728
4728
4728
4728
4728
4728
4728
4728
4728
4728
4728
4728
4728
4728
4728
4728
4728
4728
4728
4728
4728
4728
4728
4728
4728
4728
4728
4728
4728
4728
4728
4728
4728
4728
4728
4728
4728
4728
4728
4728
4728
4728
4728
4728
4728
4728
4728
4728
4728
4728
4728
4728
4728
4728
4728
4728
4728
4728
4728
4728
4728
4728
4728
4728
4728
4728
4728
4728
4728
4728
4728
4728
4728
4728
4728
4728
4728
4728
4728
4728
4728
4728
4728
4728
4728
4728
4728
4728
4728
4728
4728
4728
4728
4728
4728
4728
4728
4728
4728
4728
4728
4728
4728
4728
4728
4728
4728
4728
4728
4728
4728
4728
4728
4728
4728
4728
4728
4728
4728
4728
4728
4728
4728
4728
4728
4728
4728
4728
4728
4728
4728
4728
4728
4728
4728
4728
4728
4728
4728
4728
4728
4728
4728
4728
4728
4728
4728
4728
4728
4728
4728
4728
4728
4728
4728
4728
4728
4728
4728
4728
4728
4728
4728
4728
4728
4728
4728
4728
4728
4728
4728
4728
4728
4728
4728
4728
4728
4728
4728
4728
4728
4728
4728
4728
4728
4728
4728
4728
4728
4728
4728
4728
4728
4728
4728
4728
4728
4728
4728
4728
4728
4728
4728
4728
4728
4728
4728
4728
4728
4728
4728
4728
4728
4728
4728
4728
4728
4728
4728
4728
4728
4728
4728
4728
4728
4728
4728
4728
4728
4728
4728
4728
4728
4728
4728
4728
4728
4728
4728
4728
4728
4728
4728
4728
4728
4728
4728
4728
4728
4728
4728
4728
4728
4728
4728
4728
4728
4728
4728
4728
4728
4728
4728
4728
4728
4728
4728
4728
4728
4728
4728
4728
4728
4728
4728
4728
4728
4728
4728
4728
4728
4728
4728
4728
4728
4728
4728
4728
4728
4728
4728
4728
4728
4728
4728
4728
4728
4728
4728
4728
4728
4728
4728
4728
4728
4728
4728
4728
4728
4728
4728
4728
4728
4728
4728
4728
4728
4728
4728
4728
4728
4728
4728
4728
4728
4728
4728
4728
4728
4728
4728
4728
4728
4728
4728
4728
4728
4728
4728
4728
4728
4728
4728
4728
4728
4728
4728
4728
4728
4728
4728
4728
4728
4728
4728
4728
4728
4728
4728
4728
4728
4728
4728
4728
4728
4728
4728
4728
4728
4728
4728
4728
4728
4728
4728
4728
4728
4728
4728
4728
4728
4728
4728
4728
4728
4728
4728
4728
4728
4728
4728
4728
4728
4728
4728
4728
4728
4728
4728
4728
4728
4728
4728
4728
4728
4728
4728
4728
4728
4728
4728
4728
4728
4728
4728
4728
4728
4728
4728
4728
4728
4728
4728
4728
4728
4728
4728
4728
4728
4728
4728
4728
4728
4728
4728
4728
4728
4728
4728
4728
4728
4728
4728
4728
4728
4728
4728
4728
4728
4728
4728
4728
4728
4728
4728
4728
4728
4728
4728
4728
4728
4728
4728
4728
4728
4728
4728
4728
4728
4728
4728
4728
4728
4728
4728
4728
4728
4728
4728
4728
4728
4728
4728
4728
4728
4728
4728
4728
4728
4728
4728
4728
4728
4728
4728
4728
4728
4728
4728
4728
4728
4728
4728
4728
4728
4728
4728
4728
4728
4728
4728
4728
4728
4728
4728
4728
4728
4728
4728
4728
4728
4728
4728
4728
4728
4728
4728
4728
4728
4728
4728
4728
4728
4728
4728
4728
4728
4728
4728
4728
4728
4728
4728
4728
4728
4728
4728
4728
4728
4728
4728
4728
4728
4728
4728
4728
4728
4728
4728
4728
4728
4728
4728
4728
4728
4728
4728
4728
4728
4728
4728
4728
4728
4728
4728
4728
4728
4728
4728
4728
4728
4728
4728
4728
4728
4728
4728
4728
4728
4728
4728
4728
4728
4728
4728
4728
4728
4728
4728
4728
4728
4728
4728
4728
4728
4728
4728
4728
4728
4728
4728
4728
4728
4728
4728
4728
4728
4728
4728
4728
4728
4728
4728
4728
4728
4728
4728
4728
4728
4728
4728
4728
4728
4728
4728
4728
4728
4728
4728
4728
4728
4728
4728
4728
4728
4728
4728
4728
4728
4728
4728
4728
4728
4728
4728
4728
4728
4728
4728
4728
4728
4728
4728
4728
4728
4728
4728
4728
4728
4728
4728
4728
4728
4728
4728
4728
4728
4728
4728
4728
4728
4728
4728
4728
4728
4728
4728
4728
4728
4728
4728
4728
4728
4728
4728
4728
4728
4728
4728
4728
4728
4728
4728
4728
4728
4728
4728
4728
4728
4728
4728
4728
4728
4728
4728
4728
4728
4728
4728
4728
4728
4728
4728
4728
4728
4728
4728
4728
4728
4728
4728
4728
4728
4728
4728
4728
4728
4728
4728
4728
4728
4728
4728
4728
4728
4728
4728
4728
4728
4728
4728
4728
4728
4728
4728
4728
4728
4728
4728
4728
4728
4728
4728
4728
4728
4728
4728
4728
4728
4728
4728
4728
4728
4728
4728
4728
4728
4728
4728
4728
4728
4728
4728
4728
4728
4728
4728
4728
4728
4728
4728
4728
4728
4728
4728
4728
4728
4728
4728
4728
4728
4728
4728
4728
4728
4728
4728
4728
4728
4728
4728
4728
4728
4728
4728
4728
4728
4728
4728
4728
4728
4728
4728
4728
4728
4728
4728
4728
4728
4728
4728
4728
4728
4728
4728
4728
4728
4728
4728
4728
4728
4728
4728
4728
4728
4728
4728
4728
4728
4728
4728
4728
4728
4728
4728
4728
4728
4728
4728
4728
4728
4728
4728
4728
4728
4728
4728
4728
4728
4728
4728
4728
4728
4728
4728
4728
4728
4728
4728
4728
4728
4728
4728
4728
4728
4728
4728
4728
4728
4728
4728
4728
4728
4728
4728
4728
4728
4728
4728
4728
4728
4728
4728
4728
4728
4728
4728
4728
4728
4728
4728
4728
4728
4728
4728
4728
4728
4728
4728
4728
4728
4728
4728
4728
4728
4728
4728
4728
4728
4728
4728
4728
4728
4728
4728
4728
4728
4728
4728
4728
4728
4728
4728
4728
4728
4728
4728
4728
4728
4728
4728
4728
4728
4728
4728
4728
4728
4728
4728
4728
4728
4728
4728
4728
4728
4728
4728
4728
4728
4728
4728
4728
4728
4728
4728
4728
4728
4728
4728
4728
4728
4728
4728
4728
4728
4728
4728
4728
4728
4728
4728
4728
4728
4728
4728
4728
4728
4728
4728
4728
4728
4728
4728
4728
4728
4728
4728
4728
4728
4728
4728
4728
4728
4728
4728
4728
4728
4728
4728
4728
4728
4728
4728
4728
4728
4728
4728
4728
4728
4728
4728
4728
4728
4728
4728
4728
4728
4728
4728
4728
4728
4728
4728
4728
4728
4728
4728
4728
4728
4728
4728
4728
4728
4728
4728
4728
4728
4728
4728
4728
4728
4728
4728
4728
4728
4728
4728
4728
4728
4728
4728
4728
4728
4728
4728
4728
4728
4728
4728
4728
4728
4728
4728
4728
4728
4728
4728
4728
4728
4728
4728
4728
4728
4728
4728
4728
4728
4728
4728
4728
4728
4728
4728
4728
4728
4728
4728
4728
4728
4728
4728
4728
4728
4728
4728
4728
4728
4728
4728
4728
4728
4728
4728
4728
4728
4728
4728
4728
4728
4728
4728
4728
4728
4728
4728
4728
4728
4728
4728
4728
4728
4728
4728
4728
4728
4728
4728
4728
4728
4728
4728
4728
4728
4728
4728
4728
4728
4728
4728
4728
4728
4728
4728
4728
4728
4728
4728
4728
4728
4728
4728
4728
4728
4728
4728
4728
4728
4728
4728
4728
4728
4728
4728
4728
4728
4728
4728
4728
4728
4728
4728
4728
4728
4728
4728
4728
4728
4728
4728
4728
4728
4728
4728
4728
4728
4728
4728
4728
4728
4728
4728
4728
4728
4728
4728
4728
4728
4728
4728
4728
4728
4728
4728
4728
4728
4728
4728
4728
4728
4728
4728
4728
4728
4728
4728
4728
4728
4728
4728
4728
4728
4728
4728
4728
4728
4728
4728
4728
4728
4728
4728
4728
4728
4728
4728
4728
4728
4728
4728
4728
4728
4728
4728
4728
4728
4728
4728
4728
4728
4728
4728
4728
4728
4728
4728
4728
4728
4728
4728
4728
4728
4728
4728
4728
4728
4728
4728
4728
4728
4728
4728
4728
4728
4728
4728
4728
4728
4728
4728
4728
4728
4728
4728
4728
4728
4728
4728
4728
4728
4728
4728
4728
4728
4728
4728
4728
4728
4728
4728
4728
4728
4728
4728
4728
4728
4728
4728
4728
4728
4728
4728
4728
4728
4728
4728
4728
4728
4728
4728
4728
4728
4728
4728
4728
4728
4728
4728
4728
4728
4728
4728
4728
4728
4728
4728
4728
4728
4728
4728
4728
4728
4728
4728
4728
4728
4728
4728
4728
4728
4728
4728
4728
4728
4728
4728
4728
4728
4728
4728
4728
4728
4728
4728
4728
4728
4728
4728
4728
4728
4728
4728
4728
4728
4728
4728
4728
4728
4728
4728
4728
4728
4728
4728
4728
4728
4728
4728
4728
4728
4728
4728
4728
4728
4728
4728
4728
4728
4728
4728
4728
4728
4728
4728
4728
4728
4728
4728
4728
4728
4728
4728
4728
4728
4728
4728
4728
4728
4728
4728
4728
4728
4728
4728
4728
4728
4728
4728
4728
4728
4728
4728
4728
4728
4728
4728
4728
4728
4728
4728
4728
4728
4728
4728
4728
4728
4728
4728
4728
4728
4728
4728
4728
4728
4728
4728
4728
4728
4728
4728
4728
4728
4728
4728
4728
4728
4728
4728
4728
4728
4728
4728
4728
4728
4728
4728
4728
4728
4728
4728
4728
4728
4728
4728
4728
4728
4728
4728
4728
4728
4728
4728
4728
4728
4728
4728
4728
4728
4728
4728
4728
4728
4728
4728
4728
4728
4728
4728
4728
4728
4728
4728
4728
4728
4728
4728
4728
4728
4728
4728
4728
4728
4728
4728
4728
4728
4728
4728
4728
4728
4728
4728
4728
4728
4728
4728
4728
4728
4728
4728
4728
4728
4728
4728
4728
4728
4728
4728
4728
4728
4728
4728
4728
4728
4728
4728
4728
4728
4728
4728
4728
4728
4728
4728
4728
4728
4728
4728
4728
4728
4728
4728
4728
4728
4728
4728
4728
4728
4728
4728
4728
4728
4728
4728
4728
4728
4728
4728
4728
4728
4728
4728
4728
4728
4728
4728
4728
4728
4728
4728
4728
4728
4728
4728
4728
4728
4728
4728
4728
4728
4728
4728
4728
4728
4728
4728
4728
4728
4728
4728
4728
4728
4728
4728
4728
4728
4728
4728
4728
4728
4728
4728
4728
4728
4728
4728
4728
4728
4728
4728
4728
4728
4728
4728
4728
4728
4728
4728
4728
4728
4728
4728
4728
4728
4728
4728
4728
4728
4728
4728
4728
4728
4728
4728
4728
4728
4728
4728
4728
4728
4728
4728
4728
4728
4728
4728
4728
4728
4728
4728
4728
4728
4728
4728
4728
4728
4728
4728
4728
4728
4728
4728
4728
4728
4728
4728
4728
4728
4728
4728
4728
4728
4728
4728
4728
4728
4728
4728
4728
4728
4728
4728
4728
4728
4728
4728
4728
4728
4728
4728
4728
4728
4728
4728
4728
4728
4728
4728
4728
4728
4728
4728
4728
4728
4728
4728
4728
4728
4728
4728
4728
4728
4728
4728
4728
4728
4728
4728
4728
4728
4728
4728
4728
4728
4728
4728
4728
4728
4728
4728
4728
4728
4728
4728
4728
4728
4728
4728
4728
4728
4728
4728
4728
4728
4728
4728
4728
4728
4728
4728
4728
4728
4728
4728
4728
4728
4728
4728
4728
4728
4728
4728
4728
4728
4728
4728
4728
4728
4728
4728
4728
4728
4728
4728
4728
4728
4728
4728
4728
4728
4728
4728
4728
4728
4728
4728
4728
4728
4728
4728
4728
4728
4728
4728
4728
4728
4728
4728
4728
4728
4728
4728
4728
4728
4728
4728
4728
4728
4728
4728
4728
4728
4728
4728
4728
4728
4728
4728
4728
4728
4728
4728
4728
4728
4728
4728
4728
4728
4728
4728
4728
4728
4728
4728
4728
4728
4728
4728
4728
4728
4728
4728
4728
4728
4728
4728
4728
4728
4728
4728
4728
4728
4728
4728
4728
4728
4728
4728
4728
4728
4728
4728
4728
4728
4728
4728
4728
4728
4728
4728
4728
4728
4728
4728
4728
4728
4728
4728
4728
4728
4728
4728
4728
4728
4728
4728
4728
4728
4728
4728
4728
4728
4728
4728
