4728
4728
4728
4728
4728
4728
-6597
4728
4728
4728
4728
4728
4728
4728
4728
4728
4728
4728
4728
-7207
4728
-6298
4728
1726
4728
4728
299
4728
-525
4728
4728
4728
4728
4623
4728
4728
4728
4728
3133
4637
4728
4728
4728
4133
4728
-14028
4728
4728
4452
4728
1647
4728
4728
4728
4728
4728
4728
3552
4728
4728
4403
900
4728
3243
4728
4728
4728
4728
4728
4728
4728
4728
3188
4575
4728
4728
4728
4728
4728
4428
4728
4200
4728
4728
4728
4637
4728
4637
4728
4728
4728
4728
4728
879
4728
4728
2712
4728
4728
4728
4728
4728
4728
4723
4728
4728
4637
4728
4728
4728
4728
-10150
4728
4728
2331
4728
4728
3738
4728
4728
4718
4293
4728
4728
4728
4728
3258
4728
4728
4545
3694
4728
-1050
4728
4728
4538
2942
4728
4728
-322
4728
4728
3693
4728
4728
4728
4728
4728
4728
4728
-627
4728
4728
-9636
4728
4728
4538
4728
4728
4475
4728
4728
4728
4728
4728
4728
4728
4497
633
2712
4728
4728
4728
4728
4728
4728
4728
4728
3693
-6900
4728
4728
3819
4728
4728
4728
4728
4728
42
4728
4728
4728
4728
-2058
4728
4728
4538
4728
4683
4728
4707
4728
4728
3825
4728
4650
3897
4728
266
4728
4728
-7119
4728
4662
4728
4728
4713
4728
4538
4293
4728
4728
4728
-9468
2775
4728
4728
4728
4728
4728
-3522
2583
4728
4728
4728
4728
3350
4728
-2897
4728
3867
4728
-5567
4728
4728
4728
4728
4637
-11024
-7053
4728
