2160
2160
2160
2160
2160
2160
2085
2160
2160
2160
2160
2160
2160
2160
2160
2160
2160
2160
2160
2083
2160
2086
2160
2122
2160
2160
2087
2160
2109
2160
2160
2160
2160
2153
2160
2160
2160
2160
2127
2167
2160
2160
2160
2143
2160
2060
2160
2160
2172
2160
2121
2160
2160
2160
2160
2160
2160
2136
2160
2160
2173
2204
2160
2187
2160
2160
2160
2160
2160
2160
2160
2160
2188
2169
2160
2160
2160
2160
2160
2148
2160
2144
2160
2160
2160
2167
2160
2167
2160
2160
2160
2160
2160
2201
2160
2160
2128
2160
2160
2160
2160
2160
2160
2159
2160
2160
2167
2160
2160
2160
2160
2074
2160
2160
2187
2160
2160
2182
2160
2160
2158
2175
2160
2160
2160
2160
2142
2160
2160
2147
2138
2160
2106
2160
2160
2170
2198
2160
2160
2110
2160
2160
2137
2160
2160
2160
2160
2160
2160
2160
2109
2160
2160
2076
2160
2160
2170
2160
2160
2149
2160
2160
2160
2160
2160
2160
2160
2171
2115
2192
2160
2160
2160
2160
2160
2160
2160
2160
2137
2084
2160
2160
2125
2160
2160
2160
2160
2160
2134
2160
2160
2160
2160
2102
2160
2160
2170
2160
2165
2160
2157
2160
2160
2139
2160
2154
2131
2160
2214
2160
2160
2139
2160
2166
2160
2160
2157
2160
2170
2145
2160
2160
2160
2076
2129
2160
2160
2160
2160
2160
2078
2193
2160
2160
2160
2160
2134
2160
2099
2160
2181
2160
2089
2160
2160
2160
2160
2167
2072
2237
2160
