-1752
-1752
-1752
-1752
-1752
-1752
-12852
-1752
-1752
-1752
-1752
-1752
-1752
-1752
-1752
-1752
-1752
-1752
-1752
-13456
-1752
-12556
-1752
-4640
-1752
-1752
-5962
-1752
-6852
-1752
-1752
-1752
-1752
-1836
-1752
-1752
-1752
-1752
-3248
-1864
-1752
-1752
-1752
-2296
-1752
-20208
-1752
-1752
-2064
-1752
-4716
-1752
-1752
-1752
-1752
-1752
-1752
-2856
-1752
-1752
-2116
-5712
-1752
-3318
-1752
-1752
-1752
-1752
-1752
-1752
-1752
-1752
-3376
-1932
-1752
-1752
-1752
-1752
-1752
-2016
-1752
-2232
-1752
-1752
-1752
-1864
-1752
-1864
-1752
-1752
-1752
-1752
-1752
-5724
-1752
-1752
-3672
-1752
-1752
-1752
-1752
-1752
-1752
-1754
-1752
-1752
-1864
-1752
-1752
-1752
-1752
-16372
-1752
-1752
-4230
-1752
-1752
-2808
-1752
-1752
-1756
-2232
-1752
-1752
-1752
-1752
-3168
-1752
-1752
-1896
-2720
-1752
-7368
-1752
-1752
-1972
-3652
-1752
-1752
-6652
-1752
-1752
-2718
-1752
-1752
-1752
-1752
-1752
-1752
-1752
-6954
-1752
-1752
-15864
-1752
-1752
-1972
-1752
-1752
-1972
-1752
-1752
-1752
-1752
-1752
-1752
-1752
-2016
-5712
-3864
-1752
-1752
-1752
-1752
-1752
-1752
-1752
-1752
-2718
-13152
-1752
-1752
-2556
-1752
-1752
-1752
-1752
-1752
-6360
-1752
-1752
-1752
-1752
-8364
-1752
-1752
-1972
-1752
-1812
-1752
-1764
-1752
-1752
-2592
-1752
-1812
-2496
-1752
-6376
-1752
-1752
-13536
-1752
-1836
-1752
-1752
-1758
-1752
-1972
-2142
-1752
-1752
-1752
-15696
-3612
-1752
-1752
-1752
-1752
-1752
-9756
-3996
-1752
-1752
-1752
-1752
-3052
-1752
-9194
-1752
-2676
-1752
-11834
-1752
-1752
-1752
-1752
-1864
-17240
-13764
-1752
