2428
2428
2428
2428
-12810
-10460
2428
2428
-13084
2428
2416
2248
2428
2428
2428
2428
2428
2428
2428
2428
2428
2428
2428
2428
2428
2428
2428
2428
-5636
-6820
2428
2330
2090
2428
2428
2428
2428
2428
-9140
1588
2428
2428
2428
2428
2428
2428
2428
2428
-10384
2428
2428
2428
2428
1850
2416
2428
2428
1178
2428
1916
256
2428
2428
2428
2428
2428
2428
2428
2428
-15924
2428
-2672
2428
2428
316
2428
2428
2428
2428
2202
1962
2428
2428
2428
2428
1178
1816
1948
2182
2428
-10614
2428
2428
2428
2428
-8208
2428
2428
2428
2428
2428
-10852
2428
-12076
2428
-8488
2428
2428
2428
-10692
2428
-14102
2428
-23452
2378
2428
2428
2116
2428
2344
-194
-8724
-10460
1460
-8772
2428
40
-19896
2428
-13342
2428
1588
2428
2428
2248
2428
2428
2428
2428
2428
2428
2428
2428
2428
2428
2428
2428
2428
2428
2428
-10092
-10536
-8384
2164
2428
2428
2428
2330
2090
2428
2428
2428
-16820
2428
2416
2426
2428
1668
2428
2428
-3296
2416
2428
2428
2266
2428
2428
-13732
-11392
1668
2428
2428
-7132
2428
2428
2428
2428
2428
2428
2428
2428
2428
2428
2428
2428
2428
-9084
2428
2428
688
2428
2428
2428
2368
-18116
1992
2428
2428
2428
2428
2428
2416
2428
2428
2428
2428
2428
-11114
2428
2428
2428
2266
2428
2428
2428
2428
2428
-8642
2428
2428
2330
-8724
2428
-8524
-8724
2428
-13956
2428
1850
2428
2428
2428
2330
-10934
-16416
2428
2428
746
2428
2428
2428
