1820
1820
1819
1820
1757
1782
1820
1820
1768
1820
1818
1830
1820
1820
1820
1820
1820
1820
1820
1820
1821
1820
1820
1820
1820
1820
1820
1819
1883
1888
1820
1827
1807
1820
1820
1820
1820
1820
1792
1800
1820
1820
1820
1820
1820
1820
1820
1820
1783
1820
1820
1820
1819
1837
1818
1820
1820
1845
1820
1804
1801
1820
1820
1820
1820
1820
1820
1820
1820
1784
1820
1870
1820
1820
1852
1820
1819
1820
1820
1819
1815
1820
1820
1819
1820
1845
1801
1804
1805
1820
1781
1820
1820
1820
1820
1797
1820
1820
1820
1820
1820
1780
1820
1759
1819
1790
1820
1820
1820
1781
1820
1759
1819
1696
1825
1820
1820
1807
1820
1827
1802
1796
1783
1842
1795
1820
1858
1742
1820
1793
1820
1800
1820
1820
1830
1820
1820
1820
1820
1820
1820
1820
1820
1820
1820
1820
1820
1820
1820
1820
1785
1781
1798
1831
1820
1820
1820
1827
1807
1820
1820
1820
1752
1820
1818
1819
1820
1800
1820
1820
1873
1818
1820
1820
1829
1820
1820
1765
1758
1800
1820
1820
1900
1820
1820
1820
1820
1820
1820
1820
1820
1820
1821
1820
1820
1820
1793
1820
1820
1848
1820
1820
1820
1815
1744
1814
1820
1820
1821
1820
1820
1818
1820
1820
1820
1820
1820
1786
1820
1820
1820
1829
1820
1820
1820
1820
1820
1794
1820
1820
1827
1796
1820
1845
1796
1820
1763
1820
1837
1820
1820
1820
1827
1779
1753
1820
1820
1849
1820
1820
1820
