-1212
-1212
-1210
-1212
-6324
-4024
-1212
-1212
-6620
-1212
-1220
-1412
-1212
-1212
-1212
-1212
-1212
-1212
-1212
-1212
-1214
-1212
-1212
-1212
-1212
-1212
-1212
-1210
-9402
-10596
-1212
-1324
-1524
-1212
-1212
-1212
-1212
-1212
-2724
-2012
-1212
-1212
-1212
-1212
-1212
-1212
-1212
-1212
-3950
-1212
-1212
-1212
-1210
-1824
-1220
-1212
-1212
-2512
-1212
-1692
-3346
-1212
-1212
-1212
-1212
-1212
-1212
-1212
-1212
-9492
-1212
-6412
-1212
-1212
-3388
-1212
-1210
-1212
-1212
-1436
-1668
-1212
-1212
-1210
-1212
-2512
-1786
-1660
-1428
-1212
-4176
-1212
-1212
-1212
-1212
-1802
-1212
-1212
-1212
-1212
-1212
-4412
-1212
-5594
-1210
-2068
-1212
-1212
-1212
-4254
-1212
-7620
-1210
-16844
-1272
-1212
-1212
-1498
-1212
-1310
-3798
-2316
-4026
-2224
-2362
-1212
-3676
-13380
-1212
-6928
-1212
-2012
-1212
-1212
-1412
-1212
-1212
-1212
-1212
-1212
-1212
-1212
-1212
-1212
-1212
-1212
-1212
-1212
-1212
-1212
-3662
-4098
-1980
-1498
-1212
-1212
-1212
-1324
-1524
-1212
-1212
-1212
-10324
-1212
-1220
-1212
-1212
-1932
-1212
-1212
-7042
-1220
-1212
-1212
-1392
-1212
-1212
-7262
-4908
-1932
-1212
-1212
-10932
-1212
-1212
-1212
-1212
-1212
-1212
-1212
-1212
-1212
-1214
-1212
-1212
-1212
-2670
-1212
-1212
-3008
-1212
-1212
-1212
-1262
-11604
-1636
-1212
-1212
-1214
-1212
-1212
-1220
-1212
-1212
-1212
-1212
-1212
-4686
-1212
-1212
-1212
-1392
-1212
-1212
-1212
-1212
-1212
-2230
-1212
-1212
-1324
-2316
-1212
-12214
-2316
-1212
-7482
-1212
-1824
-1212
-1212
-1212
-1324
-4492
-9922
-1212
-1212
-2952
-1212
-1212
-1212
