-20186
-20186
-17386
-17386
-17386
-14876
-14876
-14876
-14080
-14080
-14080
-11420
-9624
-9624
-9624
-9624
-9324
-9264
-9264
-8524
-8524
-7496
-7496
-7430
-7430
-7430
-7430
-7198
-6940
-6940
-6800
-6728
-6652
-6652
-6592
-6580
-6454
-6396
-6292
-6290
-6174
-6106
-6066
-6066
-6066
-6048
-6032
-5938
-5938
-5912
-5846
-5846
-5818
-5818
-5810
-5732
-5724
-5698
-5698
-5674
-5572
-5560
-5548
-5548
-5548
-5520
-5520
-5514
-5514
-5506
-5506
-5480
-5454
-5454
-5446
-5446
-5446
-5408
-5408
-5408
-5398
-5398
-5398
-5394
-5386
-5374
-5358
-5358
-5358
-5358
-5354
-5354
-5342
-5332
-5312
-5312
-5282
-5272
-5272
-5260
-5256
-5252
-5248
-5236
-5228
-5228
-5228
-5228
-5226
-5226
-5226
-5212
-5204
-5202
-5200
-5200
-5200
-5200
-5200
-5200
-5196
-5196
-5196
-5196
-5196
-5196
-5194
-5174
-5174
-5158
-5156
-5156
-5156
-5148
-5148
-5144
-5130
-5130
-5130
-5126
-5124
-5124
-5120
-5120
-5120
-5116
-5116
-5114
-5110
-5106
-5106
-5106
-5106
-5106
-5106
-5106
-5102
-5102
-5098
-5098
-5098
-5098
-5098
-5094
-5094
-5090
-5086
-5086
-5086
-5086
-5086
-5082
-5082
-5082
-5082
-5076
-5074
-5074
-5074
-5070
-5070
-5062
-5062
-5062
-5062
-5062
-5050
-5050
-5050
-5046
-5046
-5046
-5046
-5046
-5046
-5046
-5034
-5034
-5028
-5028
-5028
-5028
-5028
-5010
-5010
-5010
-5010
-5008
-5008
-5008
-5008
-4962
-4962
-4960
-4960
-4954
-4940
-4936
-4936
-4928
-4928
-4910
-4910
-4898
-4898
-4898
-4898
-4898
-4898
-4898
-4890
-4890
-4886
-4886
-4886
-4874
-4874
-4874
-4874
-4874
-4862
-4862
-4862
-4862
-4862
-4862
-4862
-4850
-4850
-4850
-4850
-4850
-4850
-4850
-4850
-4850
-4850
-4848
-4826
-4826
-4826
-4826
-4826
-4820
-4820
-4820
-4820
-4820
-4820
-4816
-4814
-4814
-4814
-4808
-4808
-4806
-4798
-4782
-4782
-4772
-4772
-4766
-4766
-4764
-4760
-4760
-4760
-4760
-4760
-4756
-4754
-4754
-4754
-4750
-4750
-4750
-4750
-4750
-4746
-4746
-4746
-4742
-4742
-4742
-4742
-4738
-4738
-4738
-4738
-4738
-4738
-4738
-4738
-4738
-4738
-4732
-4730
-4730
-4730
-4730
-4730
-4724
-4724
-4724
-4724
-4724
-4724
-4724
-4722
-4722
-4722
-4716
-4716
-4716
-4716
-4716
-4712
-4712
-4712
-4712
-4710
-4680
-4680
-4680
-4678
-4678
-4678
-4678
-4678
-4678
-4678
-4662
-4660
-4660
-4660
-4660
-4660
-4654
-4652
-4652
-4652
-4648
-4648
-4646
-4646
-4646
-4644
-4644
-4644
-4644
-4644
-4644
-4644
-4644
-4644
-4644
-4642
-4642
-4640
-4640
-4638
-4638
-4638
-4638
-4634
-4634
-4628
-4628
-4628
-4628
-4628
-4626
-4626
-4620
-4620
-4620
-4620
-4616
-4616
-4616
-4616
-4616
-4616
-4616
-4610
-4610
-4610
-4608
-4608
-4608
-4608
-4608
-4608
-4608
-4608
-4604
-4604
-4604
-4604
-4604
-4604
-4604
-4604
-4602
-4602
-4602
-4602
-4602
-4602
-4602
-4602
-4602
-4596
-4596
-4596
-4596
-4596
-4594
-4594
-4594
-4594
-4594
-4592
-4592
-4592
-4592
-4592
-4592
-4592
-4592
-4592
-4592
-4592
-4592
-4592
-4592
-4592
-4590
-4590
-4590
-4590
-4590
-4590
-4588
-4588
-4588
-4588
-4588
-4588
-4588
-4588
-4586
-4586
-4584
-4584
-4584
-4584
-4584
-4584
-4576
-4576
-4576
-4576
-4576
-4576
-4576
-4576
-4576
-4576
-4574
-4564
-4564
-4564
-4558
-4558
-4558
-4558
-4558
-4558
-4558
-4558
-4558
-4558
-4556
-4556
-4556
-4554
-4554
-4554
-4554
-4552
-4552
-4550
-4550
-4550
-4546
-4546
-4546
-4546
-4546
-4544
-4542
-4540
-4540
-4538
-4538
-4532
-4532
-4532
-4532
-4532
-4532
-4532
-4532
-4532
-4532
-4528
-4528
-4528
-4528
-4528
-4528
-4528
-4524
-4522
-4522
-4522
-4522
-4518
-4518
-4518
-4512
-4512
-4512
-4510
-4510
-4510
-4510
-4506
-4500
-4500
-4500
-4500
-4500
-4500
-4500
-4500
-4486
-4474
-4474
-4474
-4474
-4474
-4474
-4470
-4470
-4470
-4470
-4470
-4470
-4470
-4470
-4470
-4470
-4464
-4464
-4464
-4462
-4462
-4462
-4446
-4446
-4446
-4446
-4446
-4446
-4446
-4446
-4446
-4444
-4444
-4444
-4444
-4436
-4436
-4436
-4434
-4432
-4432
-4432
-4432
-4432
-4432
-4430
-4430
-4430
-4430
-4430
-4430
-4430
-4428
-4428
-4428
-4418
-4418
-4418
-4418
-4418
-4418
-4418
-4416
-4416
-4416
-4416
-4416
-4416
-4416
-4414
-4414
-4414
-4412
-4412
-4412
-4410
-4410
-4406
-4406
-4406
-4406
-4406
-4406
-4406
-4406
-4406
-4406
-4406
-4406
-4406
-4406
-4406
-4398
-4398
-4394
-4394
-4394
-4390
-4390
-4390
-4374
-4374
-4370
-4370
-4366
-4366
-4366
-4366
-4366
-4366
-4366
-4366
-4362
-4362
-4362
-4362
-4362
-4362
-4350
-4350
-4350
-4350
-4350
-4350
-4342
-4342
-4342
-4342
-4342
-4342
-4342
-4342
-4342
-4342
-4338
-4338
-4338
-4334
-4334
-4334
-4334
-4334
-4330
-4330
-4330
-4330
-4330
-4330
-4328
-4328
-4328
-4328
-4328
-4328
-4328
-4328
-4328
-4328
-4318
-4316
-4316
-4310
-4310
-4310
-4310
-4310
-4310
-4302
-4302
-4300
-4294
-4294
-4294
-4288
-4288
-4288
-4288
-4288
-1914
-1912
-1906
-1906
-1906
-1544
-532
-532
-532
-532
-532
-532
-532
-532
-532
-532
-476
-476
-476
2100
2100
2100
2106
2112
2112
2112
2112
2112
2112
2112
2112
2112
2112
2112
2112
2112
2112
2112
2112
2112
2786
2786
2984
3524
3524
3856
3856
3856
3856
3856
3924
3924
4000
4012
4396
4508
4588
4700
4708
4796
4820
4820
4876
4884
4932
4932
4932
4932
4934
4948
4978
4978
4978
4978
4978
4978
5044
5044
5066
5186
5282
5282
5330
5330
5330
5330
5330
5330
5346
5346
5346
5376
5376
5376
5376
5416
5454
5454
5454
5474
5474
5474
5514
5514
5514
5514
5514
5514
5552
5560
5564
5564
5564
5564
5564
5576
5584
5584
5588
5588
5588
5590
5590
5594
5594
5596
5600
5600
5604
5604
5606
5606
5616
5616
5616
5622
5624
5624
5624
5630
5630
5630
5630
5630
5636
5636
5672
5672
5672
5678
5678
5678
5678
5680
5680
5680
5680
5680
5680
5680
5680
5680
5690
5690
5690
5692
5692
5692
5696
5696
5704
5704
5704
5704
5704
5704
5704
5704
5708
5708
5708
5708
5712
5712
5712
5720
5720
5720
5728
5732
5736
5736
5736
5736
5748
5748
5748
5748
5748
5750
5750
5750
5758
5758
5758
5758
5758
5758
5758
5758
5758
5758
5758
5758
5758
5764
5764
5764
5764
5764
5764
5764
5768
5768
5768
5768
5768
5774
5774
5774
5774
5778
5778
5778
5780
5780
5780
5784
5784
5786
5786
5786
5786
5786
5800
5800
5800
5804
5804
5806
5806
5808
5808
5810
5812
5812
5812
5816
5816
5816
5816
5816
5816
5818
5818
5818
5818
5818
5818
5822
5822
5822
5822
5824
5824
5830
5834
5834
5836
5840
5842
5842
5844
5848
5848
5854
5854
5854
5854
5856
5862
5862
5862
5862
5866
5866
5866
5866
5868
5868
5868
5868
5868
5868
5868
5868
5868
5868
5868
5870
5872
5872
5872
5872
5872
5872
5874
5874
5878
5880
5880
5882
5882
5882
5886
5886
5888
5888
5892
5892
5892
5892
5892
5892
5892
5892
5894
5894
5894
5894
5894
5894
5896
5896
5896
5896
5896
5898
5906
5906
5906
5908
5908
5914
5914
5916
5916
5920
5920
5920
5922
5924
5924
5926
5926
5926
5926
5926
5930
5930
5934
5934
5936
5938
5938
5940
5942
5942
5944
5944
5946
5946
5948
5948
5948
5950
5950
5950
5950
5950
5950
5950
5954
5954
5954
5954
5954
5954
5954
5954
5954
5954
5954
5958
5962
5962
5962
5962
5966
5966
5968
5968
5968
5968
5968
5968
5968
5968
5968
5968
5968
5968
5968
5968
5970
5972
5972
5972
5972
5972
5972
5972
5972
5972
5972
5972
5972
5978
5978
5978
5978
5978
5978
5982
5984
5988
5988
5988
5988
5988
5988
5988
5988
5988
5988
5988
5992
5992
5992
5992
5992
5994
5998
5998
5998
5998
5998
5998
5998
5998
5998
5998
6014
6014
6014
6014
6014
6014
6014
6016
6016
6026
6026
6028
6028
6028
6028
6028
6028
6028
6028
6030
6030
6030
6030
6030
6030
6030
6030
6030
6034
6034
6034
6034
6036
6036
6038
6040
6040
6040
6042
6042
6042
6044
6046
6046
6052
6054
6054
6054
6054
6054
6054
6054
6056
6056
6056
6060
6060
6060
6060
6060
6060
6060
6060
6060
6060
6064
6064
6064
6064
6064
6064
6064
6064
6076
6076
6076
6076
6076
6076
6076
6076
6078
6078
6078
6078
6078
6082
6084
6090
6090
6090
6090
6090
6092
6096
6096
6096
6096
6100
6100
6102
6108
6108
6108
6108
6112
6112
6112
6112
6112
6112
6112
6112
6112
6112
6112
6112
6112
6112
6112
6112
6112
6112
6112
6112
6120
6120
6120
6120
6120
6120
6120
6120
6120
6120
6120
6120
6120
6120
6120
6120
6120
6120
6120
6120
6120
6120
6120
6126
6128
6128
6128
6128
6128
6128
6128
6132
6132
6132
6132
6132
6132
6132
6132
6132
6136
6140
6140
6140
6140
6140
6140
6146
6146
6146
6148
6148
6154
6154
6154
6154
6154
6154
6154
6154
6158
6158
6160
6162
6162
6162
6162
6162
6162
6166
6166
6166
6166
6168
6168
6168
6168
6168
6168
6168
6168
6168
6168
6168
6168
6168
6172
6172
6172
6172
6172
6172
6172
6176
6176
6176
6176
6176
6176
6176
6176
6176
6176
6176
6182
6182
6182
6184
6184
6184
6184
6184
6184
6184
6184
6184
6186
6186
6186
6186
6186
6188
6190
6190
6190
6194
6194
6194
6194
6194
6194
6194
6194
6194
6194
6202
6210
6210
6210
6216
6216
6216
6216
6218
6218
6218
6222
6222
6226
6226
6226
6226
6226
6226
6226
6230
6230
6230
6230
6230
6230
6230
6230
6230
6230
6232
6232
6232
6232
6232
6232
6234
6234
6234
6236
6236
6236
6236
6238
6238
6240
6242
6242
6242
6242
6242
6242
6242
6242
6242
6242
6242
6248
6248
6248
6248
6248
6248
6248
6248
6250
6250
6250
6250
6256
6256
6256
6256
6256
6256
6256
6256
6256
6256
6258
6258
6258
6258
6258
6258
6258
6258
6258
6258
6258
6258
6258
6258
6258
6262
6262
6262
6262
6262
6262
6262
6262
6264
6264
6264
6264
6264
6264
6268
6268
6268
6268
6268
6268
6270
6270
6270
6270
6270
6270
6286
6286
6286
6288
6288
6288
6288
6292
6292
6292
6292
6292
6292
6294
6294
6294
6294
6294
6294
6294
6294
6294
6300
6300
6300
6300
6300
6300
6300
6300
6300
6300
6300
6300
6302
6306
6306
6306
6308
6310
6310
6310
6310
6312
6312
6312
6312
6312
6312
6312
6312
6312
6320
6320
6320
6320
6320
6320
6320
6320
6320
6320
6324
6324
6324
6324
6324
6326
6326
6326
6326
6326
6326
6330
6330
6330
6330
6330
6334
6334
6334
6334
6334
6334
6334
6334
6334
6336
6336
6336
6338
6338
6338
6340
6340
6340
6340
6340
6340
6340
6340
6340
6344
6344
6344
6344
6344
6344
6344
6344
6344
6344
6344
6344
6344
6344
6344
6346
6346
6346
6346
6348
6348
6354
6354
6354
6356
6356
6356
6356
6356
6356
6356
6356
6356
6356
6356
6356
6356
6356
6356
6356
6356
6356
6356
6362
6368
6368
6368
6368
6368
6368
6368
6368
6368
6368
6368
6368
6372
6372
6372
6372
6372
6372
6372
6372
6374
6374
6374
6374
6374
6374
6374
6376
6382
6382
6382
6382
6384
6384
6384
6384
6384
6384
6386
6386
6386
6386
6386
6386
6386
6386
6388
6388
6390
6390
6390
6390
6390
6394
6394
6394
6394
6394
6394
6394
6394
6394
6394
6394
6394
6396
6396
6396
6396
6396
6396
6396
6396
6398
6398
6398
6398
6400
6402
6402
6402
6406
6406
6406
6406
6406
6406
6406
6406
6406
6406
6406
6406
6410
6410
6410
6410
6410
6414
6416
6418
6418
6418
6418
6418
6422
6422
6422
6422
6422
6422
6422
6422
6422
6422
6422
6422
6422
6422
6422
6422
6422
6422
6422
6424
6424
6424
6424
6424
6424
6424
6424
6424
6430
6430
6430
6430
6430
6430
6430
6430
6432
6432
6436
6438
6440
6440
6440
6440
6440
6440
6440
6440
6440
6442
6442
6444
6444
6444
6444
6444
6444
6444
6444
6444
6446
6448
6448
6448
6448
6450
6450
6450
6450
6450
6450
6452
6454
6454
6454
6456
6456
6458
6458
6458
6460
6460
6460
6460
6464
6464
6464
6466
6466
6466
6466
6468
6468
6468
6468
6468
6468
6468
6468
6470
6472
6472
6472
6472
6472
6474
6474
6474
6474
6474
6474
6474
6476
6476
6476
6476
6476
6476
6476
6476
6476
6476
6476
6476
6480
6480
6480
6480
6482
6482
6482
6482
6482
6482
6482
6482
6482
6484
6484
6484
6484
6484
6486
6486
6488
6488
6490
6490
6490
6490
6490
6490
6492
6492
6494
6494
6494
6494
6494
6496
6496
6496
6496
6496
6496
6496
6496
6498
6498
6500
6500
6502
6504
6504
6504
6504
6504
6504
6504
6504
6504
6504
6504
6504
6508
6508
6508
6508
6508
6508
6508
6508
6508
6508
6516
6516
6516
6516
6516
6516
6516
6516
6516
6516
6516
6516
6516
6516
6516
6516
6516
6516
6516
6522
6522
6522
6522
6522
6522
6522
6522
6524
6524
6524
6524
6524
6524
6524
6524
6524
6526
6526
6526
6526
6526
6526
6526
6528
6528
6528
6528
6528
6530
6530
6530
6530
6534
6534
6534
6536
6536
6536
6536
6536
6536
6536
6536
6536
6536
6536
6536
6536
6536
6536
6536
6536
6536
6536
6536
6536
6536
6536
6538
6538
6544
6544
6544
6544
6544
6544
6546
6546
6546
6546
6546
6546
6546
6546
6546
6546
6546
6546
6548
6548
6548
6548
6550
6550
6550
6550
6550
6550
6550
6550
6550
6552
6552
6552
6552
6552
6552
6552
6552
6552
6552
6552
6552
6554
6556
6556
6558
6560
6562
6562
6562
6562
6564
6566
6570
6570
6570
6570
6570
6574
6574
6574
6574
6574
6574
6574
6582
6582
6582
6582
6582
6582
6582
6582
6582
6582
6582
6582
6584
6584
6584
6584
6584
6584
6584
6584
6586
6586
6586
6586
6586
6586
6586
6586
6588
6588
6590
6590
6590
6590
6592
6592
6592
6592
6592
6592
6594
6594
6594
6594
6594
6594
6594
6596
6596
6602
6602
6602
6602
6602
6602
6602
6604
6604
6604
6604
6604
6604
6604
6604
6604
6604
6606
6606
6606
6606
6606
6606
6606
6606
6606
6606
6606
6610
6610
6610
6610
6610
6614
6614
6614
6614
6614
6614
6614
6614
6614
6618
6618
6618
6618
6618
6618
6618
6618
6618
6618
6618
6620
6620
6620
6622
6622
6622
6622
6622
6624
6624
6624
6624
6626
6626
6626
6626
6626
6626
6626
6626
6626
6626
6626
6626
6626
6626
6626
6626
6626
6626
6628
6628
6628
6628
6628
6628
6628
6628
6628
6630
6630
6630
6630
6630
6630
6630
6630
6630
6630
6630
6630
6634
6636
6636
6636
6636
6640
6640
6640
6640
6640
6640
6640
6640
6640
6640
6640
6640
6640
6646
6646
6646
6646
6646
6646
6646
6650
6650
6650
6658
6658
6658
6658
6658
6662
6662
6662
6662
6662
6662
6664
6664
6664
6664
6664
6664
6664
6664
6664
6664
6664
6664
6664
6664
6664
6666
6666
6666
6666
6666
6666
6666
6666
6666
6666
6666
6666
6666
6666
6666
6666
6668
6670
6670
6670
6670
6670
6670
6670
6670
6670
6670
6670
6682
6682
6684
6684
6684
6684
6684
6684
6684
6684
6684
6684
6686
6686
6688
6688
6688
6688
6688
6690
6690
6690
6690
6690
6690
6690
6690
6690
6690
6690
6696
6696
6696
6696
6696
6696
6696
6696
6696
6698
6698
6700
6700
6700
6700
6702
6702
6702
6702
6706
6706
6706
6708
6708
6708
6708
6712
6712
6712
6712
6712
6712
6712
6712
6712
6712
6712
6712
6712
6714
6714
6714
6714
6714
6714
6714
6718
6718
6718
6720
6720
6720
6720
6720
6720
6720
6720
6720
6720
6720
6720
6722
6722
6722
6722
6722
6722
6722
6722
6722
6722
6722
6722
6722
6722
6722
6724
6724
6724
6724
6724
6724
6728
6728
6728
6728
6728
6728
6730
6730
6730
6730
6730
6730
6730
6730
6730
6730
6730
6730
6730
6730
6730
6730
6730
6734
6734
6734
6734
6734
6734
6734
6734
6734
6734
6736
6736
6736
6736
6736
6736
6738
6740
6740
6740
6740
6740
6740
6740
6740
6742
6742
6742
6742
6742
6742
6742
6742
6742
6742
6742
6742
6742
6742
6742
6742
6742
6742
6742
6742
6742
6742
6742
6746
6746
6746
6746
6746
6746
6746
6746
6748
6748
6748
6750
6750
6750
6750
6750
6750
6750
6750
6752
6752
6752
6754
6754
6754
6754
6754
6754
6754
6756
6756
6756
6758
6758
6760
6760
6760
6762
6762
6762
6762
6762
6764
6766
6766
6766
6766
6766
6770
6770
6770
6770
6770
6770
6770
6770
6770
6770
6770
6770
6770
6770
6770
6770
6772
6772
6772
6772
6774
6774
6774
6774
6774
6776
6776
6776
6776
6776
6776
6776
6776
6776
6776
6776
6778
6778
6778
6778
6780
6780
6780
6780
6780
6780
6780
6780
6780
6782
6782
6782
6782
6782
6782
6782
6782
6782
6782
6784
6784
6784
6784
6784
6784
6784
6784
6784
6784
6784
6784
6784
6784
6784
6784
6784
6784
6784
6784
6786
6786
6786
6786
6786
6786
6786
6786
6786
6788
6790
6790
6790
6790
6790
6790
6792
6792
6792
6792
6792
6794
6794
6794
6794
6794
6794
6794
6794
6794
6796
6796
6796
6796
6796
6796
6798
6798
6798
6798
6798
6798
6798
6798
6798
6806
6806
6806
6806
6806
6806
6806
6806
6806
6806
6806
6806
6806
6806
6810
6810
6810
6814
6814
6814
6814
6814
6814
6814
6814
6814
6814
6814
6818
6818
6818
6820
6820
6820
6820
6824
6824
6824
6826
6826
6826
6826
6826
6828
6828
6830
6830
6830
6830
6830
6830
6830
6830
6830
6830
6832
6832
6832
6832
6832
6832
6832
6836
6836
6836
6836
6836
6836
6838
6838
6838
6838
6838
6840
6840
6840
6840
6840
6840
6840
6840
6844
6844
6844
6844
6844
6844
6844
6844
6844
6844
6844
6844
6844
6844
6844
6844
6844
6844
6844
6844
6844
6844
6844
6844
6844
6848
6848
6848
6848
6850
6850
6852
6854
6854
6854
6854
6854
6854
6856
6856
6856
6856
6856
6856
6856
6856
6858
6860
6870
6870
6870
6870
6870
6870
6870
6870
6872
6872
6872
6872
6872
6872
6872
6872
6872
6872
6872
6872
6872
6872
6874
6874
6874
6874
6874
6874
6878
6878
6878
6878
6878
6880
6880
6880
6880
6880
6880
6880
6880
6880
6880
6884
6884
6884
6884
6884
6884
6886
6886
6888
6888
6888
6888
6888
6888
6888
6888
6888
6888
6888
6888
6888
6888
6890
6890
6890
6890
6890
6890
6890
6890
6890
6890
6890
6890
6890
6890
6890
6890
6890
6890
6890
6890
6890
6890
6890
6890
6892
6892
6892
6892
6892
6892
6892
6892
6892
6892
6892
6892
6892
6892
6894
6894
6894
6894
6894
6894
6894
6894
6894
6894
6896
6896
6898
6898
6898
6898
6898
6898
6898
6898
6900
6900
6900
6900
6900
6900
6900
6900
6904
6906
6906
6906
6906
6906
6906
6906
6906
6906
6908
6908
6908
6908
6908
6908
6908
6908
6908
6908
6908
6908
6908
6908
6908
6908
6908
6908
6908
6908
6908
6908
6908
6908
6908
6908
6908
6908
6910
6910
6910
6910
6910
6910
6910
6910
6910
6910
6914
6914
6914
6914
6914
6914
6914
6914
6914
6914
6916
6916
6916
6916
6916
6916
6916
6916
6916
6916
6916
6918
6918
6918
6918
6918
6918
6918
6918
6918
6918
6920
6920
6920
6920
6920
6920
6922
6922
6922
6922
6922
6922
6922
6922
6922
6922
6922
6922
6922
6922
6922
6922
6922
6922
6922
6922
6926
6926
6926
6926
6926
6926
6926
6926
6926
6926
6926
6926
6926
6926
6926
6926
6926
6928
6928
6928
6928
6928
6928
6930
6930
6930
6930
6930
6930
6930
6930
6930
6930
6930
6930
6932
6932
6932
6932
6932
6932
6932
6932
6932
6932
6932
6932
6932
6932
6932
6932
6932
6932
6932
6932
6932
6932
6932
6934
6934
6934
6934
6934
6934
6934
6934
6934
6934
6934
6934
6934
6934
6934
6934
6934
6934
6934
6934
6934
6934
6934
6936
6936
6936
6936
6936
6936
6936
6936
6936
6936
6936
6936
6936
6936
6936
6936
6936
6936
6936
6938
6938
6938
6938
6938
6938
6938
6938
6938
6938
6938
6938
6938
6938
6938
6938
6938
6938
6938
6938
6938
6938
6938
6940
6940
6940
6940
6940
6940
6940
6940
6940
6940
6940
6940
6940
6940
6940
6940
6940
6940
6940
6940
6940
6940
6940
6940
6940
6940
6940
6940
6940
6940
6940
6940
6940
6944
6944
6944
6944
6944
6944
6944
6944
6944
6944
6944
6944
6946
6946
6946
6946
6946
6946
6946
6946
6946
6946
6946
6946
6946
6946
6946
6946
6948
6948
6948
6948
6948
6950
6950
6950
6950
6950
6950
6950
6950
6950
6950
6950
6950
6950
6950
6950
6950
6950
6950
6950
6950
6950
6950
6950
6950
6950
6950
6950
6950
6950
6950
6950
6950
6950
6950
6950
6950
6950
6950
6950
6950
6950
6950
6950
6950
6950
6950
6950
6950
6950
6950
6950
6950
6950
6952
6952
6952
6952
6952
6952
6952
6952
6952
6952
6952
6952
6954
6954
6954
6954
6954
6954
6954
6954
6954
6954
6954
6954
6954
6954
6954
6954
6954
6954
6954
6954
6954
6954
6954
6954
6954
6956
6956
6956
6956
6956
6956
6956
6956
6956
6956
6956
6956
6956
6956
6956
6956
6956
6956
6956
6956
6956
6956
6956
6956
6956
6956
6956
6956
6956
6956
6956
6956
6956
6956
6956
6956
6956
6956
6956
6956
6956
6956
6956
6956
6956
6956
6956
6956
6956
6956
6956
6956
6956
6956
6956
6956
6956
6956
6956
6956
6956
6956
6956
6956
6956
6956
6956
6956
6956
6956
6956
6956
6956
6956
6956
6956
6956
6956
6958
6958
6958
6958
6958
6958
6958
6958
6958
6958
6958
6958
6958
6958
6958
6958
6958
6958
6958
6958
6958
6958
6958
6958
6958
6958
6958
6958
6958
6958
6958
6958
6958
6958
6958
6958
6958
6958
6958
6958
6958
6958
6958
6958
6958
6958
6958
6958
6958
6958
6958
6958
6958
6958
6958
6958
6958
6958
6958
6958
6958
6958
6958
6958
6958
6958
6958
6958
6958
6958
6958
6958
6958
6958
6958
6958
6958
6958
6958
6958
6958
6958
6958
6958
6958
6958
6958
6958
6958
6958
6958
6958
6958
6958
6958
6960
6960
6960
6960
6960
6960
6960
6960
6960
6960
6960
6960
6960
6960
6960
6960
6960
6960
6960
6960
6960
6960
6960
6962
6962
6962
6962
6962
6962
6962
6962
6962
6962
6962
6962
6962
6962
6962
6962
6962
6964
6964
6964
6964
6964
6964
6964
6964
6964
6964
6964
6964
6964
6964
6964
6964
6964
6964
6964
6964
6964
6964
6964
6964
6964
6964
6964
6964
6964
6964
6964
6964
6964
6964
6964
6964
6964
6964
6964
6964
6964
6964
6964
6964
6964
6964
6964
6964
6964
6964
6964
6964
6964
6964
6964
6964
6964
6964
6964
6964
6964
6964
6964
6964
6964
6964
6964
6964
6964
6964
6964
6964
6964
6964
6964
6966
6966
6966
6966
6966
6966
6966
6966
6966
6966
6966
6966
6966
6966
6966
6966
6966
6966
6966
6966
6966
6966
6966
6966
6966
6966
6966
6966
6966
6966
6966
6966
6966
6966
6966
6966
6966
6966
6966
6966
6966
6966
6966
6966
6966
6966
6966
6966
6966
6966
6966
6966
6966
6966
6966
6966
6966
6966
6966
6966
6966
6966
6966
6966
6966
6966
6966
6966
6966
6966
6966
6966
6966
6966
6966
6966
6966
6966
6966
6966
6966
6966
6966
6966
6966
6966
6966
6966
6966
6966
6966
6966
6966
6966
6966
6966
6966
6966
6966
6966
6966
6966
6966
6966
6966
6966
6966
6966
6966
6966
6966
6966
6966
6966
6966
6966
6966
6966
6966
6966
6966
6966
6966
6966
6966
6966
6966
6966
6966
6966
6966
6966
6966
6966
6966
6966
6966
6966
6966
6966
6966
6966
6966
6966
6966
6966
6966
6966
6966
6966
6966
6966
6966
6966
6966
6966
6966
6966
6966
6966
6966
6966
6966
6966
6966
6966
6966
6966
6966
6966
6966
6966
6966
6966
6966
6966
6966
6966
6966
6966
6966
6966
6966
6966
6966
6966
6966
6966
6966
6966
6966
6966
6966
6966
6966
6966
6966
6966
6966
6966
6966
6966
6966
6966
6966
6966
6966
6966
6966
6966
6966
6966
6968
6968
6968
6968
6968
6968
6968
6968
6968
6968
6968
6968
6968
6968
6968
6968
6968
6968
6968
6968
6968
6968
6968
6968
6968
6968
6968
6968
6968
6968
6968
6968
6968
6968
6968
6968
6968
6968
6968
6968
6968
6968
6968
6972
6972
6972
6972
6972
6972
6972
6972
6972
6972
6972
6972
6972
6972
6972
6972
6972
6972
6972
6972
6972
6974
6974
6974
6974
6974
6974
6974
6974
6974
6974
6974
6974
6974
6974
6974
6974
6974
6974
6974
6974
6974
6974
6974
6974
6974
6974
6974
6974
6974
6974
6974
6974
6974
6974
6974
6974
6974
6974
6974
6974
6974
6974
6974
6974
6974
6974
6974
6974
6974
6974
6974
6974
6974
6974
6974
6974
6974
6974
6974
6974
6974
6976
6976
6976
6976
6976
6976
6976
6976
6976
6976
6976
6976
6976
6976
6976
6976
6976
6976
6976
6976
6976
6976
6976
6976
6976
6976
6976
6976
6976
6976
6976
6976
6976
6976
6976
6976
6976
6976
6976
6976
6976
6976
6976
6976
6976
6976
6976
6976
6976
6976
6976
6976
6976
6976
6976
6976
6976
6976
6976
6976
6976
6976
6976
6976
6978
6978
6978
6978
6978
6978
6978
6978
6978
6978
6978
6978
6978
6978
6978
6978
6978
6978
6978
6978
6978
6978
6978
6978
6978
6978
6978
6978
6978
6978
6978
6978
6978
6978
6978
6978
6978
6978
6978
6978
6978
6978
6978
6978
6978
6978
6978
6978
6978
6978
6978
6978
6978
6978
6978
6978
6978
6978
6978
6978
6980
6980
6980
6980
6980
6980
6980
6980
6980
6980
6980
6980
6980
6980
6980
6980
6980
6980
6980
6980
6980
6980
6980
6980
6980
6980
6980
6980
6980
6980
6980
6980
6980
6980
6980
6980
6980
6980
6980
6980
6980
6980
6980
6980
6980
6980
6980
6980
6980
6980
6980
6980
6980
6980
6980
6980
6980
6980
6980
6980
6980
6980
6980
6980
6980
6980
6980
6980
6980
6980
6980
6980
6980
6980
6980
6980
6980
6980
6980
6980
6980
6980
6980
6980
6980
6980
6980
6980
6980
6980
6980
6980
6980
6980
6980
6980
6980
6980
6980
6980
6980
6980
6980
6980
6980
6980
6980
6980
6980
6980
6980
6980
6980
6980
6980
6980
6980
6980
6980
6980
6980
6980
6980
6980
6980
6980
6980
6980
6980
6980
6980
6980
6980
6980
6980
6980
6980
6980
6980
6982
6982
6982
6982
6982
6982
6982
6982
6982
6982
6982
6982
6982
6982
6982
6982
6982
6982
6982
6982
6982
6982
6982
6982
6982
6982
6982
6982
6982
6982
6982
6982
6982
6984
6984
6984
6984
6984
6984
6984
6984
6984
6984
6984
6984
6984
6984
6984
6984
6984
6984
6984
6984
6986
6986
6986
6986
6986
6986
6986
6986
6986
6986
6986
6986
6986
6986
6986
6986
6986
6986
6986
6986
6986
6986
6986
6986
6986
6986
6986
6986
6986
6986
6986
6986
6986
6986
6986
6986
6986
6986
6986
6986
6986
6986
6986
6986
6986
6986
6986
6986
6986
6986
6986
6986
6986
6986
6986
6986
6986
6986
6986
6986
6986
6986
6986
6986
6986
6986
6986
6986
6986
6986
6986
6986
6986
6986
6986
6986
6986
6986
6986
6986
6986
6986
6986
6986
6986
6986
6986
6986
6986
6988
6988
6988
6988
6988
6988
6988
6988
6988
6988
6988
6988
6988
6988
6988
6988
6988
6988
6988
6988
6988
6988
6988
6988
6988
6988
6988
6988
6988
6988
6988
6988
6988
6988
6988
6988
6988
6988
6988
6988
6988
6988
6988
6988
6988
6988
6988
6988
6990
6990
6990
6990
6990
6990
6990
6990
6990
6990
6990
6990
6990
6990
6990
6990
6990
6990
6990
6990
6990
6990
6990
6990
6990
6990
6990
6990
6990
6992
6992
6992
6992
6992
6992
6992
6992
6992
6992
6992
6992
6992
6992
6992
6992
6992
6992
6992
6992
6992
6992
6992
6992
6992
6992
6992
6992
6992
6992
6992
6992
6994
6994
6994
6994
6994
6994
6994
6994
6994
6994
6994
6994
6994
6994
6994
6994
6994
6994
6994
6994
6994
6994
6994
6994
6994
6994
6994
6994
6994
6994
6994
6994
6994
6994
6994
6994
6994
6994
6994
6994
6994
6994
6994
6994
6994
6996
6996
6996
6996
6996
6996
6996
6996
6996
6996
6996
6996
6996
6996
6996
6996
6996
6996
6996
6996
6996
6996
6996
6996
6996
6996
6996
6996
6996
6996
6996
6996
6996
6996
6996
6996
6996
6996
6996
6996
6996
6996
6996
6996
6996
6996
6998
6998
6998
6998
6998
6998
6998
6998
6998
6998
6998
6998
6998
6998
6998
6998
6998
6998
6998
6998
6998
7000
7000
7000
7000
7000
7000
7000
7000
7000
7000
7000
7000
7000
7000
7000
7000
7000
7000
7000
7000
7000
7000
7000
7000
7000
7000
7000
7000
7000
7000
7000
7000
7000
7000
7000
7000
7000
7000
7000
7000
7000
7000
7000
7000
7000
7000
7000
7000
7000
7000
7000
7000
7000
7000
7000
7000
7000
7000
7000
7000
7000
7000
7000
7000
7000
7000
7000
7000
7000
7000
7000
7000
7000
7000
7000
7000
7000
7000
7000
7000
7000
7000
7000
7000
7000
7000
7000
7000
7000
7000
7000
7000
7000
7000
7000
7000
7000
7000
7000
7000
7000
7000
7000
7000
7000
7000
7000
7000
7000
7000
7000
7000
7000
7000
7000
7000
7000
7000
7000
7000
7000
7000
7000
7000
7000
7000
7000
7000
7000
7000
7000
7000
7000
7000
7000
7000
7000
7000
7000
7000
7000
7000
7000
7000
7000
7000
7000
7000
7000
7000
7000
7000
7000
7000
7000
7000
7000
7000
7000
7000
7000
7000
7000
7000
7000
7000
7000
7000
7000
7000
7000
7000
7000
7000
7000
7000
7000
7000
7000
7000
7000
7000
7000
7000
7000
7000
7000
7000
7000
7000
7000
7000
7000
7000
7000
7000
7000
7000
7000
7000
7000
7000
7000
7000
7000
7000
7000
7000
7000
7000
7000
7000
7000
7000
7000
7000
7000
7000
7000
7000
7000
7000
7000
7000
7000
7000
7000
7000
7000
7000
7000
7000
7000
7000
7000
7000
7000
7000
7000
7000
7000
7000
7000
7000
7000
7000
7000
7000
7000
7000
7000
7000
7000
7000
7000
7000
7002
7002
7002
7002
7002
7002
7002
7002
7002
7002
7002
7002
7002
7002
7002
7002
7002
7002
7002
7002
7002
7002
7002
7002
7002
7002
7002
7002
7002
7002
7002
7002
7002
7002
7002
7002
7002
7002
7002
7002
7002
7002
7002
7002
7002
7002
7002
7002
7002
7002
7002
7002
7002
7002
7002
7002
7002
7002
7002
7002
7002
7002
7002
7002
7002
7002
7002
7002
7002
7002
7002
7002
7002
7004
7004
7004
7004
7004
7004
7004
7004
7004
7004
7004
7004
7004
7004
7004
7004
7004
7004
7004
7004
7004
7004
7004
7004
7004
7004
7004
7004
7004
7004
7004
7004
7004
7004
7004
7004
7004
7004
7004
7004
7004
7004
7004
7004
7004
7004
7004
7004
7004
7004
7004
7004
7004
7004
7004
7004
7004
7004
7004
7004
7004
7004
7004
7004
7004
7004
7004
7004
7004
7004
7004
7004
7004
7004
7004
7004
7004
7004
7004
7004
7004
7004
7004
7004
7004
7004
7004
7004
7004
7004
7004
7004
7004
7004
7004
7004
7004
7004
7006
7006
7006
7006
7006
7006
7006
7006
7006
7006
7006
7006
7006
7006
7006
7006
7006
7006
7006
7006
7006
7006
7006
7006
7006
7006
7006
7006
7006
7006
7006
7006
7006
7006
7006
7006
7006
7006
7006
7006
7006
7006
7006
7006
7006
7006
7006
7006
7006
7006
7006
7006
7006
7006
7006
7006
7006
7006
7006
7006
7006
7006
7006
7006
7006
7006
7006
7006
7006
7006
7006
7006
7006
7006
7006
7006
7006
7006
7006
7006
7006
7006
7006
7006
7006
7006
7006
7006
7006
7006
7006
7006
7006
7006
7006
7006
7006
7006
7006
7006
7006
7006
7006
7006
7006
7006
7006
7006
7006
7006
7006
7006
7006
7006
7006
7006
7006
7006
7006
7006
7006
7006
7006
7006
7006
7006
7006
7006
7006
7006
7006
7006
7006
7006
7006
7006
7006
7006
7006
7006
7006
7006
7006
7006
7006
7006
7006
7006
7006
7006
7006
7006
7006
7006
7006
7006
7006
7006
7006
7006
7006
7006
7006
7006
7006
7006
7006
7006
7006
7006
7006
7006
7006
7006
7006
7006
7006
7006
7006
7006
7006
7006
7006
7006
7006
7006
7006
7006
7006
7006
7006
7006
7006
7006
7006
7006
7006
7006
7006
7006
7006
7006
7006
7006
7006
7006
7006
7006
7006
7006
7006
7006
7006
7006
7006
7006
7006
7006
7006
7006
7006
7006
7006
7006
7006
7006
7006
7006
7006
7006
7006
7006
7006
7006
7006
7006
7006
7006
7006
7006
7006
7006
7006
7006
7006
7006
7006
7006
7006
7006
7006
7006
7006
7006
7006
7006
7006
7006
7006
7006
7006
7006
7006
7006
7006
7006
7006
7006
7006
7006
7006
7006
7006
7006
7006
7006
7006
7006
7006
7006
7006
7006
7006
7006
7006
7006
7006
7006
7006
7006
7006
7006
7006
7006
7006
7006
7006
7006
7006
7006
7006
7006
7006
7006
7006
7006
7006
7006
7006
7006
7006
7006
7006
7006
7006
7006
7006
7006
7006
7006
7006
7006
7006
7006
7006
7006
7006
7006
7006
7006
7006
7006
7006
7006
7006
7006
7006
7006
7006
7006
7006
7006
7006
7006
7006
7006
7006
7006
7006
7006
7006
7006
7006
7006
7006
7006
7006
7006
7006
7006
7006
7006
7006
7006
7006
7006
7006
7006
7006
7006
7006
7006
7006
7006
7006
7006
7006
7006
7006
7006
7006
7006
7006
7006
7006
7006
7006
7006
7006
7006
7006
7006
7006
7006
7006
7006
7006
7006
7006
7006
7006
7006
7006
7006
7006
7006
7006
7006
7006
7006
7006
7006
7006
7006
7006
7006
7006
7006
7006
7006
7006
7006
7006
7006
7006
7006
7006
7006
7006
7006
7006
7006
7006
7006
7006
7006
7006
7006
7006
7006
7008
7008
7008
7008
7008
7008
7008
7008
7008
7008
7008
7008
7008
7008
7008
7008
7008
7008
7008
7008
7008
7008
7008
7008
7008
7008
7008
7008
7008
7008
7008
7008
7008
7008
7008
7008
7008
7008
7008
7008
7008
7008
7008
7008
7008
7008
7008
7008
7008
7008
7008
7008
7008
7008
7008
7008
7008
7008
7008
7010
7010
7010
7010
7010
7010
7010
7010
7010
7010
7010
7010
7010
7010
7010
7010
7010
7010
7010
7010
7010
7010
7010
7010
7010
7010
7010
7010
7010
7010
7010
7010
7010
7010
7010
7010
7010
7010
7010
7010
7010
7010
7010
7010
7010
7010
7010
7010
7010
7010
7010
7010
7010
7010
7010
7010
7010
7010
7010
7010
7010
7010
7010
7010
7010
7010
7010
7010
7010
7010
7010
7010
7010
7010
7010
7010
7010
7010
7010
7010
7010
7010
7010
7010
7010
7010
7010
7010
7010
7010
7010
7010
7010
7010
7010
7010
7010
7010
7010
7010
7010
7010
7010
7012
7012
7012
7012
7012
7012
7012
7012
7012
7012
7012
7012
7012
7012
7012
7012
7012
7012
7012
7012
7012
7012
7012
7012
7012
7012
7012
7012
7012
7012
7012
7012
7014
7014
7014
7014
7014
7014
7014
7014
7014
7014
7014
7014
7014
7014
7014
7014
7014
7014
7014
7014
7014
7014
7014
7014
7014
7014
7014
7014
7014
7014
7014
7014
7014
7014
7014
7014
7014
7014
7014
7014
7014
7014
7014
7014
7014
7014
7014
7014
7014
7014
7014
7014
7014
7014
7014
7014
7014
7014
7014
7014
7014
7014
7014
7014
7014
7014
7014
7014
7014
7014
7014
7014
7014
7014
7014
7014
7014
7014
7014
7014
7014
7014
7014
7014
7014
7014
7014
7014
7014
7014
7014
7014
7014
7014
7014
7014
7014
7014
7014
7014
7014
7014
7014
7014
7014
7014
7014
7014
7014
7014
7014
7014
7014
7014
7014
7014
7014
7014
7014
7014
7014
7014
7014
7014
7014
7014
7014
7014
7014
7014
7014
7014
7014
7014
7014
7014
7014
7014
7014
7014
7014
7014
7014
7014
7014
7014
7014
7014
7014
7014
7014
7014
7014
7014
7014
7014
7014
7014
7014
7014
7014
7014
7014
7014
7014
7014
7014
7014
7014
7014
7014
7014
7014
7014
7014
7014
7014
7014
7014
7014
7014
7014
7014
7014
7014
7014
7014
7014
7014
7014
7014
7014
7014
7014
7014
7014
7014
7014
7014
7014
7014
7014
7014
7014
7014
7014
7014
7014
7014
7014
7014
7014
7014
7014
7014
7014
7014
7014
7014
7014
7014
7014
7014
7014
7014
7014
7014
7014
7014
7014
7014
7014
7014
7014
7014
7014
7014
7014
7014
7014
7014
7014
7014
7014
7014
7014
7014
7014
7014
7014
7014
7014
7014
7014
7014
7014
7014
7014
7014
7014
7014
7014
7014
7014
7014
7014
7014
7014
7014
7014
7014
7014
7014
7014
7014
7014
7014
7014
7014
7014
7014
7014
7014
7014
7014
7014
7014
7014
7014
7014
7014
7014
7014
7014
7014
7014
7014
7014
7014
7014
7014
7014
7014
7014
7014
7014
7014
7014
7014
7014
7014
7014
7014
7014
7014
7014
7014
7014
7014
7014
7014
7014
7014
7014
7014
7014
7014
7014
7014
7014
7014
7014
7014
7014
7014
7014
7014
7014
7014
7014
7014
7014
7014
7014
7014
7014
7014
7014
7014
7014
7014
7014
7014
7014
7014
7014
7014
7014
7014
7014
7014
7014
7014
7014
7014
7014
7014
7014
7014
7014
7014
7014
7014
7014
7014
7014
7014
7014
7014
7014
7014
7014
7014
7014
7014
7014
7014
7014
7014
7014
7014
7014
7014
7014
7014
7014
7014
7014
7014
7014
7014
7014
7014
7014
7014
7014
7014
7014
7014
7014
7014
7014
7014
7014
7014
7014
7014
7014
7014
7014
7014
7014
7014
7014
7014
7014
7014
7014
7014
7014
7014
7014
7014
7014
7014
7014
7014
7014
7014
7014
7014
7014
7014
7014
7014
7014
7014
7014
7014
7014
7014
7014
7016
7016
7016
7016
7016
7016
7016
7016
7016
7016
7016
7016
7016
7016
7016
7016
7016
7016
7016
7016
7016
7016
7016
7016
7016
7016
7016
7016
7016
7016
7016
7016
7016
7016
7016
7016
7016
7016
7016
7016
7016
7016
7016
7016
7016
7016
7016
7016
7016
7016
7016
7016
7016
7016
7016
7016
7016
7016
7016
7016
7016
7016
7016
7016
7016
7016
7016
7016
7016
7016
7016
7016
7016
7016
7016
7016
7016
7016
7016
7016
7016
7016
7016
7016
7016
7016
7016
7016
7016
7016
7016
7016
7016
7016
7016
7016
7016
7016
7016
7016
7016
7016
7016
7016
7016
7016
7016
7016
7016
7016
7016
7016
7016
7016
7016
7016
7016
7016
7016
7016
7016
7016
7016
7016
7016
7016
7016
7016
7016
7016
7016
7016
7016
7016
7016
7016
7016
7016
7016
7016
7016
7016
7016
7016
7016
7016
7016
7016
7016
7016
7016
7016
7016
7016
7016
7016
7016
7016
7016
7016
7016
7016
7016
7016
7016
7016
7016
7016
7016
7016
7016
7016
7016
7016
7016
7016
7016
7016
7016
7016
7016
7016
7016
7016
7016
7016
7016
7016
7016
7016
7016
7016
7016
7016
7016
7016
7016
7016
7016
7016
7016
7016
7016
7016
7016
7016
7016
7016
7016
7016
7016
7016
7016
7016
7016
7016
7016
7016
7016
7016
7016
7016
7016
7016
7016
7016
7016
7016
7016
7016
7016
7016
7016
7016
7016
7016
7016
7016
7016
7016
7016
7016
7016
7016
7016
7016
7016
7016
7016
7016
7016
7016
7016
7016
7016
7016
7016
7016
7016
7016
7016
7016
7016
7016
7016
7016
7016
7016
7016
7016
7016
7016
7016
7016
7016
7016
7016
7016
7016
7016
7016
7016
7016
7016
7016
7016
7016
7016
7016
7016
7016
7016
7016
7016
7016
7016
7016
7016
7016
7016
7016
7016
7016
7016
7016
7016
7016
7016
7016
7016
7016
7016
7016
7016
7016
7016
7016
7016
7016
7016
7016
7016
7016
7016
7016
7016
7016
7016
7016
7016
7016
7016
7016
7016
7016
7016
7016
7016
7016
7016
7016
7016
7016
7016
7016
7016
7016
7016
7016
7016
7016
7016
7016
7016
7016
7016
7016
7016
7016
7016
7016
7016
7016
7016
7016
7016
7016
7016
7016
7016
7016
7016
7016
7016
7016
7016
7016
7016
7016
7016
7016
7016
7016
7016
7016
7016
7016
7016
7016
7016
7016
7016
7016
7016
7016
7016
7016
7016
7016
7016
7016
7016
7016
7016
7016
7016
7016
7016
7016
7016
7016
7016
7016
7016
7016
7016
7016
7016
7016
7016
7016
7016
7016
7016
7016
7016
7016
7016
7016
7016
7016
7016
7016
7016
7016
7016
7016
7016
7016
7016
7016
7016
7016
7016
7016
7016
7016
7016
7016
7016
7016
7016
7016
7016
7016
7016
7016
7016
7016
7016
7016
7016
7016
7016
7016
7016
7016
7016
7016
7016
7016
7016
7016
7016
7016
7016
7016
7016
7016
7016
7016
7016
7016
7016
7016
7016
7016
7016
7016
7016
7016
7016
7016
7016
7016
7016
7016
7016
7016
7016
7016
7016
7016
7016
7016
7016
7016
7016
7016
7016
7016
7016
7016
7016
7016
7016
7016
7016
7016
7016
7016
7016
7016
7016
7016
7016
7016
7016
7016
7016
7016
7016
7016
7016
7016
7016
7016
7016
7016
7016
7016
7016
7016
7016
7016
7016
7016
7016
7016
7016
7016
7016
7016
7016
7016
7016
7016
7016
7016
7016
7016
7016
7016
7016
7016
7016
7016
7016
7016
7016
7016
7016
7016
7016
7016
7016
7016
7016
7016
7016
7016
7016
7016
7016
7016
7016
7016
7016
7016
7016
7016
7016
7016
7016
7016
7016
7016
7016
7016
7016
7016
7016
7016
7016
7016
7016
7016
7016
7016
7016
7016
7016
7016
7016
7016
7016
7016
7016
7016
7016
7016
7016
7016
7016
7016
7016
7016
7016
7016
7016
7016
7016
7016
7016
7016
7016
7016
7016
7016
7016
7016
7016
7016
7016
7016
7016
7016
7016
7016
7016
7016
7016
7016
7016
7016
7016
7016
7016
7016
7016
7016
7016
7016
7016
7016
7016
7016
7016
7016
7016
7016
7016
7016
7016
7016
7016
7016
7016
7016
7016
7016
7016
7016
7016
7016
7016
7016
7016
7016
7016
7016
7016
7016
7016
7016
7016
7016
7016
7016
7016
7016
7016
7016
7016
7016
7016
7016
7016
7016
7016
7016
7016
7016
7016
7016
7016
7016
7016
7016
7016
7016
7016
7016
7016
7016
7016
7016
7016
7016
7016
7016
7016
7016
7016
7016
7016
7016
7016
7016
7016
7016
7016
7016
7016
7016
7016
7016
7016
7016
7016
7016
7016
7016
7016
7016
7016
7016
7016
7016
7016
7016
7016
7016
7016
7016
7016
7016
7016
7016
7016
7016
7016
7016
7016
7016
7016
7016
7016
7016
7016
7016
7016
7016
7016
7016
7016
7016
7016
7016
7016
7016
7016
7016
7016
7016
7016
7016
7016
7016
7016
7016
7016
7016
7016
7016
7016
7016
7016
7016
7016
7016
7016
7018
7018
7018
7018
7018
7018
7018
7018
7018
7018
7018
7018
7018
7018
7018
7018
7018
7018
7018
7018
7018
7018
7018
7018
7018
7018
7018
7018
7018
7018
7018
7018
7018
7018
7018
7018
7018
7018
7018
7018
7018
7018
7018
7018
7018
7018
7018
7018
7018
7018
7018
7018
7018
7018
7018
7018
7018
7018
7018
7018
7020
7020
7020
7020
7020
7020
7020
7020
7020
7020
7020
7020
7020
7020
7020
7020
7020
7020
7020
7020
7020
7020
7020
7020
7020
7020
7020
7020
7020
7020
7020
7020
7020
7020
7020
7020
7020
7020
7020
7020
7020
7020
7020
7020
7020
7020
7020
7020
7020
7020
7020
7020
7020
7020
7020
7020
7020
7020
7020
7020
7020
7020
7020
7020
7020
7020
7020
7020
7020
7020
7020
7020
7020
7020
7020
7020
7020
7020
7020
7020
7020
7020
7020
7020
7020
7020
7020
7020
7020
7020
7020
7020
7020
7020
7020
7020
7020
7020
7020
7020
7020
7020
7020
7020
7020
7020
7020
7020
7020
7020
7020
7020
7020
7020
7020
7020
7020
7020
7020
7020
7020
7020
7020
7020
7020
7020
7020
7020
7020
7020
7020
7020
7020
7020
7020
7020
7020
7020
7020
7020
7020
7020
7020
7020
7020
7020
7020
7020
7020
7020
7020
7020
7020
7020
7020
7020
7020
7020
7020
7020
7020
7020
7020
7020
7020
7020
7020
7020
7020
7020
7020
7020
7020
7020
7020
7020
7020
7020
7020
7020
7020
7020
7020
7020
7020
7020
7020
7020
7020
7020
7020
7020
7020
7020
7020
7020
7020
7020
7020
7020
7020
7020
7020
7020
7020
7020
7020
7020
7020
7020
7020
7020
7020
7020
7020
7020
7020
7020
7020
7020
7020
7020
7020
7020
7020
7020
7020
7020
7020
7020
7020
7020
7020
7020
7020
7020
7020
7020
7020
7020
7020
7020
7020
7020
7020
7020
7020
7020
7020
7020
7020
7020
7020
7020
7020
7020
7020
7020
7020
7020
7020
7020
7020
7020
7020
7020
7020
7020
7020
7020
7020
7020
7020
7020
7020
7020
7020
7020
7020
7020
7020
7020
7020
7020
7020
7020
7020
7020
7020
7020
7020
7020
7020
7020
7020
7020
7020
7020
7020
7020
7020
7020
7020
7020
7020
7020
7020
7020
7020
7020
7020
7020
7020
7020
7020
7020
7020
7020
7020
7020
7020
7020
7020
7020
7020
7020
7020
7020
7020
7020
7020
7020
7020
7020
7020
7020
7020
7020
7020
7020
7020
7020
7020
7020
7020
7020
7020
7020
7020
7020
7020
7020
7020
7020
7020
7020
7020
7020
7020
7020
7020
7020
7020
7020
7020
7020
7020
7020
7020
7020
7020
7020
7020
7020
7020
7020
7020
7020
7020
7020
7020
7020
7020
7020
7020
7020
7020
7020
7020
7020
7020
7020
7020
7020
7020
7020
7020
7020
7020
7020
7020
7020
7020
7020
7020
7020
7020
7020
7020
7020
7020
7020
7020
7020
7020
7020
7020
7020
7020
7020
7020
7020
7020
7020
7020
7020
7020
7020
7020
7020
7020
7020
7020
7020
7020
7020
7020
7020
7020
7020
7020
7020
7020
7020
7020
7020
7020
7020
7020
7020
7020
7020
7020
7020
7020
7020
7020
7020
7020
7020
7020
7020
7020
7020
7020
7020
7020
7020
7020
7020
7020
7020
7020
7020
7020
7020
7020
7020
7020
7020
7020
7020
7020
7020
7020
7020
7020
7020
7020
7020
7020
7020
7020
7020
7020
7020
7020
7020
7020
7020
7020
7020
7020
7020
7020
7020
7020
7020
7020
7020
7020
7020
7020
7020
7020
7020
7020
7020
7020
7020
7020
7020
7020
7020
7020
7020
7020
7020
7020
7020
7020
7020
7020
7020
7020
7020
7020
7020
7020
7020
7020
7020
7020
7020
7020
7020
7020
7020
7020
7020
7020
7020
7020
7020
7020
7020
7020
7020
7020
7020
7020
7020
7020
7020
7020
7020
7020
7020
7020
7020
7020
7020
7020
7020
7020
7020
7020
7020
7020
7020
7020
7020
7020
7020
7020
7020
7020
7020
7020
7020
7020
7020
7020
7020
7020
7020
7020
7020
7020
7020
7020
7020
7020
7020
7020
7020
7020
7020
7020
7020
7020
7020
7020
7020
7020
7020
7020
7020
7020
7020
7020
7020
7020
7020
7020
7020
7020
7020
7020
7020
7020
7020
7020
7020
7020
7020
7020
7020
7020
7020
7020
7020
7020
7020
7020
7020
7020
7020
7020
7020
7020
7020
7020
7020
7020
7020
7020
7020
7020
7020
7020
7020
7020
7020
7020
7020
7020
7020
7020
7020
7020
7020
7020
7020
7020
7020
7020
7020
7020
7020
7020
7020
7020
7020
7020
7020
7020
7020
7020
7020
7020
7020
7020
7020
7020
7020
7020
7020
7020
7020
7020
7020
7020
7020
7020
7020
7020
7020
7020
7020
7020
7020
7020
7020
7020
7020
7020
7020
7020
7020
7020
7020
7020
7020
7020
7020
7020
7020
7020
7020
7020
7020
7020
7020
7020
7020
7020
7020
7020
7020
7020
7020
7020
7020
7020
7020
7020
7020
7020
7020
7020
7020
7020
7020
7020
7020
7020
7020
7020
7020
7020
7020
7020
7020
7020
7020
7020
7020
7020
7020
7020
7020
7020
7020
7020
7020
7020
7020
7020
7020
7020
7020
7020
7020
7020
7020
7020
7020
7020
7020
7020
7020
7020
7020
7020
7020
7020
7020
7020
7020
7020
7020
7020
7020
7020
7020
7020
7020
7020
7020
7020
7020
7020
7020
7020
7020
7020
7020
7020
7020
7020
7020
7020
7020
7020
7020
7020
7020
7020
7020
7020
7020
7020
7020
7020
7020
7020
7020
7020
7020
7020
7020
7020
7020
7020
7020
7020
7020
7020
7020
7020
7020
7020
7020
7020
7020
7020
7020
7020
7020
7020
7020
7020
7020
7020
7020
7020
7020
7020
7020
7020
7020
7020
7020
7020
7020
7020
7020
7020
7020
7020
7020
7020
7020
7020
7020
7020
7020
7020
7020
7020
7020
7022
7022
7022
7022
7022
7022
7022
7022
7022
7022
7022
7022
7022
7022
7022
7022
7022
7022
7022
7022
7022
7022
7022
7022
7022
7022
7022
7022
7022
7022
7022
7022
7022
7022
7022
7022
7022
7022
7022
7022
7022
7022
7022
7022
7022
7022
7022
7022
7022
7022
7022
7022
7022
7022
7022
7022
7022
7022
7022
7022
7022
7022
7022
7022
7022
7022
7022
7022
7022
7022
7022
7022
7022
7022
7022
7022
7022
7022
7022
7022
7022
7022
7022
7022
7022
7022
7022
7022
7022
7022
7022
7022
7022
7022
7022
7022
7022
7022
7022
7022
7022
7022
7022
7022
7022
7022
7022
7022
7022
7022
7022
7022
7022
7022
7022
7022
7022
7022
7022
7022
7022
7022
7022
7022
7022
7022
7022
7022
7022
7022
7022
7022
7022
7022
7022
7022
7022
7022
7022
7022
7022
7022
7022
7022
7022
7022
7022
7022
7022
7022
7022
7022
7022
7022
7022
7022
7022
7022
7022
7022
7022
7022
7022
7022
7022
7022
7022
7022
7022
7022
7022
7022
7022
7022
7022
7022
7022
7022
7022
7022
7022
7022
7022
7022
7022
7022
7022
7022
7022
7022
7022
7022
7022
7022
7022
7022
7022
7022
7022
7022
7022
7022
7022
7022
7022
7022
7022
7022
7022
7022
7022
7022
7022
7022
7022
7022
7022
7022
7022
7022
7022
7022
7022
7022
7022
7022
7022
7022
7022
7022
7022
7022
7022
7022
7022
7022
7022
7022
7022
7022
7022
7022
7022
7022
7022
7022
7022
7022
7022
7022
7022
7022
7022
7022
7022
7022
7022
7022
7022
7022
7022
7022
7022
7022
7022
7022
7022
7022
7022
7022
7022
7022
7022
7022
7022
7022
7022
7022
7022
7022
7022
7022
7022
7022
7022
7022
7022
7022
7022
7022
7022
7022
7022
7022
7022
7022
7022
7022
7022
7022
7022
7022
7022
7022
7022
7022
7022
7022
7022
7022
7022
7022
7022
7022
7022
7022
7022
7022
7022
7022
7022
7022
7022
7022
7022
7022
7022
7022
7022
7022
7022
7022
7022
7022
7022
7022
7022
7022
7022
7022
7022
7022
7022
7022
7022
7022
7022
7022
7022
7022
7022
7022
7022
7022
7022
7022
7022
7022
7022
7022
7022
7022
7022
7022
7022
7022
7022
7022
7022
7022
7022
7022
7022
7022
7022
7022
7022
7022
7022
7022
7022
7022
7022
7022
7022
7022
7022
7022
7022
7022
7022
7022
7022
7022
7022
7022
7022
7022
7022
7022
7022
7022
7022
7022
7022
7022
7022
7022
7022
7022
7022
7022
7022
7022
7022
7022
7022
7022
7022
7022
7022
7022
7022
7022
7022
7022
7022
7022
7022
7022
7022
7022
7022
7022
7022
7022
7022
7022
7022
7022
7022
7022
7022
7022
7022
7022
7022
7022
7022
7022
7022
7022
7022
7022
7022
7022
7022
7022
7022
7022
7022
7022
7022
7022
7022
7022
7022
7022
7022
7022
7022
7022
7022
7022
7022
7022
7022
7022
7022
7022
7022
7022
7022
7022
7022
7022
7022
7022
7022
7022
7022
7022
7022
7022
7022
7022
7022
7022
7022
7022
7022
7022
7022
7022
7022
7022
7022
7022
7022
7022
7022
7022
7022
7022
7022
7022
7022
7022
7022
7022
7022
7022
7022
7022
7022
7022
7022
7022
7022
7022
7022
7022
7022
7022
7022
7022
7022
7022
7022
7022
7022
7022
7022
7022
7022
7022
7022
7022
7022
7022
7022
7022
7022
7022
7022
7022
7022
7022
7022
7022
7022
7022
7022
7022
7022
7022
7022
7022
7022
7022
7022
7022
7022
7022
7022
7022
7022
7022
7022
7022
7022
7022
7022
7022
7022
7022
7022
7022
7022
7022
7022
7022
7022
7022
7022
7022
7022
7022
7022
7022
7022
7022
7022
7022
7022
7022
7022
7022
7022
7022
7022
7022
7022
7022
7022
7022
7022
7022
7022
7022
7022
7022
7022
7022
7022
7022
7022
7022
7022
7022
7022
7022
7022
7022
7022
7022
7022
7022
7022
7022
7022
7022
7022
7022
7022
7022
7022
7022
7022
7022
7022
7022
7022
7022
7022
7022
7022
7022
7022
7022
7022
7022
7022
7022
7022
7022
7022
7022
7022
7022
7022
7022
7022
7022
7022
7022
7022
7022
7022
7022
7022
7022
7022
7022
7022
7022
7022
7022
7022
7022
7022
7022
7022
7022
7022
7022
7022
7022
7022
7022
7022
7022
7022
7022
7022
7022
7022
7022
7022
7022
7022
7022
7022
7022
7022
7022
7022
7022
7022
7022
7022
7022
7022
7022
7022
7022
7022
7022
7022
7022
7022
7022
7022
7022
7022
7022
7022
7022
7022
7022
7022
7022
7022
7022
7022
7022
7022
7022
7022
7022
7022
7022
7022
7022
7022
7022
7022
7022
7022
7022
7022
7022
7022
7022
7022
7022
7022
7022
7022
7022
7022
7022
7022
7022
7022
7022
7022
7022
7022
7022
7022
7022
7022
7022
7022
7022
7022
7022
7022
7022
7022
7022
7022
7022
7022
7022
7022
7022
7022
7022
7022
7022
7022
7022
7022
7022
7022
7022
7022
7022
7022
7022
7022
7022
7022
7022
7022
7022
7022
7022
7022
7022
7022
7022
7022
7022
7022
7022
7022
7022
7022
7022
7022
7022
7022
7022
7022
7022
7022
7022
7022
7022
7022
7022
7022
7022
7022
7022
7022
7022
7022
7022
7022
7022
7022
7022
7022
7022
7022
7022
7022
7022
7022
7022
7022
7022
7022
7022
7022
7022
7022
7022
7022
7022
7022
7022
7022
7022
7022
7022
7022
7022
7022
7022
7022
7022
7022
7022
7022
7022
7022
7022
7022
7022
7022
7022
7022
7022
7022
7022
7022
7022
7022
7022
7022
7022
7022
7022
7022
7022
7022
7022
7022
7022
7022
7022
7022
7022
7022
7022
7022
7022
7022
7022
7022
7022
7022
7022
7022
7022
7022
7022
7022
7022
7022
7022
7022
7022
7022
7022
7022
7022
7022
7022
7022
7022
7022
7022
7022
7022
7022
7022
7022
7022
7022
7022
7022
7022
7022
7022
7022
7022
7022
7022
7022
7022
7022
7022
7022
7022
7022
7022
7022
7022
7022
7022
7022
7022
7022
7022
7022
7022
7022
7022
7022
7022
7022
7022
7022
7022
7022
7022
7022
7022
7022
7022
7022
7022
7022
7022
7022
7022
7022
7022
7022
7022
7022
7022
7022
7022
7022
7022
7022
7022
7022
7022
7022
7022
7022
7022
7022
7022
7022
7022
7022
7022
7022
7022
7022
7022
7022
7022
7022
7022
7022
7022
7022
7022
7022
7022
7022
7022
7022
7022
7022
7022
7022
7022
7022
7022
7022
7022
7022
7022
7022
7022
7022
7022
7022
7022
7022
7022
7022
7022
7022
7022
7022
7022
7022
7022
7022
7022
7022
7022
7022
7022
7022
7022
7022
7022
7022
7022
7022
7022
7022
7022
7022
7022
7022
7022
7022
7022
7022
7022
7022
7022
7022
7022
7022
7022
7022
7022
7022
7022
7022
7022
7022
7022
7022
7022
7022
7022
7022
7022
7022
7022
7022
7022
7022
7022
7022
7022
7022
7022
7022
7022
7022
7022
7022
7022
7022
7022
7022
7022
7022
7022
7022
7022
7022
7022
7022
7022
7022
7022
7022
7022
7022
7022
7022
7022
7022
7022
7022
7022
7022
7022
7022
7022
7022
7022
7022
7022
7022
7022
7022
7022
7022
7022
7022
7022
7022
7022
7022
7022
7022
7022
7022
7022
7022
7022
7022
7022
7022
7022
7022
7022
7022
7022
7022
7022
7022
7022
7022
7022
7022
7022
7022
7022
7022
7022
7022
7022
7022
7022
7022
7022
7022
7022
7022
7022
7022
7022
7022
7022
7022
7022
7022
7022
7022
7022
7022
7022
7022
7022
7022
7022
7022
7022
7022
7022
7022
7022
7022
7022
7022
7022
7022
7022
7022
7022
7022
7022
7022
7022
7022
7022
7022
7022
7022
7022
7022
7022
7022
7022
7022
7022
7022
7022
7022
7022
7022
7022
7022
7022
7022
7022
7022
7022
7022
7022
7022
7022
7022
7022
7022
7022
7022
7022
7022
7022
7022
7022
7022
7022
7022
7022
7022
7022
7022
7022
7022
7022
7022
7022
7022
7022
7022
7022
7022
7022
7022
7022
7022
7022
7022
7022
7022
7022
7022
7022
7022
7022
7022
7022
7022
7022
7022
7022
7022
7022
7022
7022
7022
7022
7022
7022
7022
7022
7022
7022
7022
7022
7022
7022
7022
7022
7022
7022
7022
7022
7022
7022
7022
7022
7022
7022
7022
7022
7022
7022
7022
7022
7022
7022
7022
7022
7022
7022
7022
7022
7022
7022
7022
7022
7022
7022
7022
7022
7022
7022
7022
7022
7022
7022
7022
7022
7022
7022
7022
7022
7022
7022
7022
7022
7022
7022
7022
7022
7022
7022
7022
7022
7022
7022
7022
7022
7022
7022
7022
7022
7022
7022
7022
7022
7022
7022
7022
7022
7022
7022
7022
7022
7022
7022
7022
7022
7022
7022
7022
7022
7022
7022
7022
7022
7022
7022
7022
7022
7022
7022
7022
7022
7022
7022
7022
7022
7022
7022
7022
7022
7022
7022
7022
7022
7022
7022
7022
7022
7022
7022
7022
7022
7022
7022
7022
7022
7022
7022
7022
7022
7022
7022
7022
7022
7022
7022
7022
7022
7022
7022
7022
7022
7022
7022
7022
7022
7022
7022
7022
7022
7022
7022
7022
7022
7022
7022
7022
7022
7022
7022
7022
7022
7022
7022
7022
7022
7022
7022
7022
7022
7022
7022
7022
7022
7022
7022
7022
7022
7022
7022
7022
7022
7022
7022
7022
7022
7022
7022
7022
7022
7022
7022
7022
7022
7022
7022
7022
7022
7022
7022
7022
7022
7022
7022
7022
7022
7022
7022
7022
7022
7022
7022
7022
7022
7022
7022
7022
7022
7022
7022
7022
7022
7022
7022
7022
7022
7022
7022
7022
7022
7022
7022
7022
7022
7022
7022
7022
7022
7022
7022
7022
7022
7022
7022
7022
7022
7022
7022
7022
7022
7022
7022
7022
7022
7022
7022
7022
7022
7022
7022
7022
7022
7022
7022
7022
7022
7022
7022
7022
7022
7022
7022
7022
7022
7022
7022
7022
7022
7022
7022
7022
7022
7022
7022
7022
7022
7022
7022
7022
7022
7022
7022
7022
7022
7022
7022
7022
7022
7022
7022
7022
7022
7022
7022
7022
7022
7022
7022
7022
7022
7022
7022
7022
7022
7022
7022
7022
7022
7022
7022
7022
7022
7022
7022
7022
7022
7022
7022
7022
7022
7022
7022
7022
7022
7022
7022
7022
7022
7022
7022
7022
7022
7022
7022
7022
7022
7022
7022
7022
7022
7022
7022
7022
7022
7022
7022
7022
7022
7022
7022
7022
7022
7022
7022
7022
7022
7022
7022
7022
7022
7022
7022
7022
7022
7022
7022
7022
7022
7022
7022
7022
7022
7022
7022
7022
7022
7022
7022
7022
7022
7022
7022
7022
7022
7022
7022
7022
7022
7022
7022
7022
7022
7022
7022
7022
7022
7022
7022
7022
7022
7022
7022
7022
7022
7022
7022
7022
7022
7022
7022
7022
7022
7022
7022
7022
7022
7022
7022
7022
7022
7022
7022
7022
7022
7022
7022
7022
7022
7022
7022
7022
7022
7022
7022
7022
7022
7022
7022
7022
7022
7022
7022
7022
7022
7022
7022
7022
7022
7022
7022
7022
7022
7022
7022
7022
7022
7022
7022
7022
7022
7022
7022
7022
7022
7022
7022
7022
7022
7022
7022
7022
7022
7022
7022
7022
7022
7022
7022
7022
7022
7022
7022
7022
7022
7022
7022
7022
7022
7022
7022
7022
7022
7022
7022
7022
7022
7022
7022
7022
7022
7022
7022
7022
7022
7022
7022
7022
7022
7022
7022
7022
7022
7022
7022
7022
7022
7022
7022
7022
7022
7022
7022
7022
7022
7022
7022
7022
7022
7022
7022
7022
7022
7022
7022
7022
7022
7022
7022
7022
7022
7022
7022
7022
7022
7022
7022
7022
7022
7022
7022
7022
7022
7022
7022
7022
7022
7022
7022
7022
7022
7022
7022
7022
7022
7022
7022
7022
7022
7022
7022
7022
7022
7022
7022
7022
7022
7022
7022
7022
7022
7022
7022
7022
7022
7022
7022
7022
7022
7022
7022
7022
7022
7022
7022
7022
7022
7022
7022
7022
7022
7022
7022
7022
7022
7022
7022
7022
7022
7022
7022
7022
7022
7022
7022
7022
7022
7022
7022
7022
7022
7022
7022
7022
7022
7022
7022
7022
7022
7022
7022
7022
7022
7022
7022
7022
7022
7022
7022
7022
7022
7022
7022
7022
7022
7022
7022
7022
7022
7022
7022
7022
7022
7022
7022
7022
7022
7022
7022
7022
7022
7022
7022
7022
7022
7022
7022
7022
7022
7022
7022
7022
7022
7022
7022
7022
7022
7022
7022
7022
7022
7022
7022
7022
7022
7022
7022
7022
7022
7022
7022
7022
7022
7022
7022
7022
7022
7022
7022
7022
7022
7022
7022
7022
7022
7022
7022
7022
7022
7022
