7022
7022
7022
7022
4574
7022
-9904
7022
5822
7022
7022
7022
7022
7022
7022
7022
6802
7022
7022
7022
7022
7022
7022
7022
7022
7022
3902
7022
-11794
7022
7022
7022
-6424
2024
7022
7022
7022
2792
7022
7022
2414
7022
7022
6262
7022
7022
7022
7022
7022
7022
7022
7022
-9538
6734
7022
7022
7022
7022
7022
638
6054
-5618
7022
7022
7022
-12184
6630
7022
-134
5564
3980
-3930
7022
6758
7022
7022
-6424
6710
7022
7022
7022
6802
7022
7022
7022
7022
7022
7022
7022
5964
7022
7022
7022
7022
7022
7022
7022
7022
7022
7022
7022
7022
7022
7022
7022
1850
7010
7022
7022
7022
7022
7022
7022
7022
7022
7022
7022
7022
7022
7022
7022
7022
7022
7022
4286
7022
7022
7022
7022
7022
7022
-8818
7022
7022
3982
7022
7022
-58
7022
7022
7022
7020
7022
7022
7022
2222
6142
7022
7022
7022
7022
7022
7022
7022
7022
2604
7022
7022
7022
-12778
2222
5564
7022
7022
7022
7022
6686
7022
7022
-4078
6974
4710
7022
6574
3824
7022
7022
3494
7022
7022
-10048
7014
-3490
7022
2220
7022
7022
1718
7022
7022
7022
7022
6894
-1822
1820
7022
7022
7022
5872
4710
7022
6182
5282
7022
7022
7022
7022
7022
7022
7022
7022
7022
4710
7022
7022
5454
7022
7022
6140
7022
7022
7022
7022
7022
7022
7022
7022
7022
7022
7022
7022
7022
7022
7022
7022
7022
7022
7022
5102
7022
3324
750
6962
7022
-3058
7022
7020
7022
7022
5822
7022
