-2034
-2034
-2034
-2034
-4346
-2034
-18596
-2034
-3138
-2034
-2034
-2034
-2034
-2034
-2034
-2034
-2214
-2034
-2034
-2034
-2034
-2034
-2034
-2034
-2034
-2034
-4998
-2034
-20466
-2034
-2034
-2034
-15156
-6836
-2034
-2034
-2034
-6084
-2034
-2034
-6450
-2034
-2034
-2718
-2034
-2034
-2034
-2034
-2034
-2034
-2034
-2034
-18234
-2274
-2034
-2034
-2034
-2034
-2034
-8194
-2914
-14358
-2034
-2034
-2034
-20852
-2482
-2034
-8910
-3384
-4920
-12690
-2034
-2254
-2034
-2034
-15156
-2298
-2034
-2034
-2034
-2214
-2034
-2034
-2034
-2034
-2034
-2034
-2034
-3000
-2034
-2034
-2034
-2034
-2034
-2034
-2034
-2034
-2034
-2034
-2034
-2034
-2034
-2034
-2034
-6870
-2038
-2034
-2034
-2034
-2034
-2034
-2034
-2034
-2034
-2034
-2034
-2034
-2034
-2034
-2034
-2034
-2034
-2034
-4626
-2034
-2034
-2034
-2034
-2034
-2034
-17522
-2034
-2034
-4922
-2034
-2034
-8878
-2034
-2034
-2034
-2032
-2034
-2034
-2034
-6642
-2834
-2034
-2034
-2034
-2034
-2034
-2034
-2034
-2034
-6264
-2034
-2034
-2034
-21438
-6642
-3384
-2034
-2034
-2034
-2034
-2322
-2034
-2034
-12838
-2066
-4210
-2034
-2426
-5076
-2034
-2034
-5394
-2034
-2034
-18624
-2034
-12258
-2034
-7032
-2034
-2034
-7134
-2034
-2034
-2034
-2034
-2194
-10614
-7032
-2034
-2034
-2034
-3092
-4210
-2034
-2858
-3894
-2034
-2034
-2034
-2034
-2034
-2034
-2034
-2034
-2034
-4210
-2034
-2034
-3714
-2034
-2034
-3000
-2034
-2034
-2034
-2034
-2034
-2034
-2034
-2034
-2034
-2034
-2034
-2034
-2034
-2034
-2034
-2034
-2034
-2034
-2034
-3834
-2034
-5560
-8082
-2074
-2034
-11834
-2034
-2032
-2034
-2034
-3138
-2034
