2264
2264
2264
2264
2230
2264
2173
2264
2240
2264
2264
2264
2264
2264
2264
2264
2254
2264
2264
2264
2264
2264
2264
2264
2264
2264
2225
2264
2168
2264
2264
2264
2183
2215
2264
2264
2264
2219
2264
2264
2216
2264
2264
2245
2264
2264
2264
2264
2264
2264
2264
2264
2174
2252
2264
2264
2264
2264
2264
2208
2242
2185
2264
2264
2264
2167
2278
2264
2194
2237
2225
2190
2264
2253
2264
2264
2183
2252
2264
2264
2264
2254
2264
2264
2264
2264
2264
2264
2264
2241
2264
2264
2264
2264
2264
2264
2264
2264
2264
2264
2264
2264
2264
2264
2264
2180
2262
2264
2264
2264
2264
2264
2264
2264
2264
2264
2264
2264
2264
2264
2264
2264
2264
2264
2228
2264
2264
2264
2264
2264
2264
2176
2264
2264
2226
2264
2264
2205
2264
2264
2264
2263
2264
2264
2264
2216
2244
2264
2264
2264
2264
2264
2264
2264
2264
2217
2264
2264
2264
2165
2216
2237
2264
2264
2264
2264
2252
2264
2264
2190
2260
2230
2264
2250
2225
2264
2264
2222
2264
2264
2144
2262
2192
2264
2313
2264
2264
2213
2264
2264
2264
2264
2272
2198
2213
2264
2264
2264
2241
2230
2264
2260
2294
2264
2264
2264
2264
2264
2264
2264
2264
2264
2230
2264
2264
2292
2264
2264
2285
2264
2264
2264
2264
2264
2264
2264
2264
2264
2264
2264
2264
2264
2264
2264
2264
2264
2264
2264
2234
2264
2221
2208
2259
2264
2194
2264
2263
2264
2264
2240
2264
