-21990
-20903
-16361
-16361
-14601
-12220
-8756
-8756
-8756
-8578
-6695
-6323
-6323
-4631
-4631
-4631
-3975
-3975
-3127
-3127
-3127
-3127
-3080
-2648
-2648
-2137
-2137
-2137
-2137
-1753
-1753
-1753
-1548
-1502
-1502
-1370
-1347
-1258
-996
-996
-831
-831
-739
-739
-634
-634
-634
-615
-615
-542
-521
-521
-493
-485
-371
-371
-361
-347
-325
-270
-270
-233
-185
-185
-158
-158
-158
-154
-137
-137
-137
-127
-98
-73
-66
-33
-20
-20
-20
-14
-14
-6
-1
15
15
15
15
15
28
37
42
42
49
49
49
61
61
91
91
91
106
106
123
123
160
160
187
187
187
187
187
187
187
191
191
193
193
193
198
205
205
205
207
207
222
227
227
227
228
228
228
231
231
239
251
257
257
257
257
260
260
260
260
260
260
260
260
266
269
269
269
269
269
275
280
280
280
280
280
282
282
289
292
292
292
292
292
298
298
301
303
303
303
304
304
306
309
309
312
312
312
312
312
312
312
312
313
326
326
326
326
326
326
328
328
328
328
328
328
328
328
334
334
334
334
334
335
336
340
340
342
342
342
342
343
343
348
348
348
348
348
349
349
355
355
355
355
357
357
360
360
361
363
363
363
363
363
363
363
363
365
365
365
369
369
369
369
369
369
369
369
369
370
370
370
374
374
376
376
377
388
395
396
398
398
398
398
398
398
398
398
408
408
408
408
408
408
408
408
409
409
409
409
409
409
409
409
409
409
410
410
410
410
410
412
412
412
412
412
412
412
412
412
412
412
415
415
420
420
420
420
420
420
420
420
420
420
421
421
421
421
421
423
424
425
426
426
426
426
426
427
427
427
427
427
427
427
427
430
430
430
430
430
430
430
430
430
430
432
432
432
432
435
439
439
439
439
440
441
441
441
441
441
442
445
445
446
446
446
446
446
446
446
447
447
447
447
447
453
453
453
453
455
455
459
459
459
459
459
459
459
459
459
459
459
459
459
459
459
459
459
459
459
459
460
460
460
460
461
461
461
461
461
461
461
461
462
462
462
462
462
462
462
462
463
463
463
463
463
463
463
463
463
463
463
463
463
463
463
463
463
463
463
463
463
463
463
463
463
463
463
463
463
463
463
463
463
463
463
463
463
463
463
463
463
463
463
463
463
463
463
463
467
467
467
467
467
467
467
467
470
470
470
471
471
471
471
471
471
471
471
471
471
471
471
472
472
472
472
472
472
472
472
472
472
472
472
472
472
472
472
472
472
472
472
472
472
472
472
472
472
472
472
472
472
472
472
472
472
472
472
472
472
472
472
472
472
472
473
473
473
473
473
474
474
474
474
474
474
474
474
474
477
478
479
479
479
479
479
479
479
479
479
479
481
481
481
481
481
481
481
481
482
482
483
483
483
483
483
483
486
486
486
486
488
488
488
488
488
488
488
488
488
488
488
488
488
488
488
490
490
490
490
491
491
492
497
497
497
498
498
500
500
500
500
500
500
500
500
503
503
503
503
503
503
503
503
503
503
503
503
503
503
503
503
503
503
503
503
503
503
503
503
503
503
504
504
504
504
504
504
504
504
504
504
504
504
504
504
504
504
504
504
504
504
508
508
508
509
510
510
510
510
510
510
510
510
510
510
511
511
511
511
511
512
518
518
525
525
525
525
525
525
525
525
525
525
525
525
525
525
525
525
525
525
525
525
525
525
529
530
530
532
532
532
532
533
533
533
533
533
533
533
533
533
533
533
533
533
533
533
533
533
533
533
534
534
538
538
539
539
539
539
541
541
541
541
542
542
542
542
542
542
542
542
542
542
542
543
544
545
545
546
546
546
546
546
547
547
547
547
547
547
547
547
547
547
547
547
547
547
547
547
547
547
547
547
547
547
547
547
547
547
547
549
549
549
549
549
549
549
549
549
549
549
549
549
549
549
550
550
550
550
550
550
550
551
553
553
553
553
553
555
555
555
555
555
555
555
555
555
555
555
555
555
555
555
555
555
555
555
555
555
555
556
556
556
556
556
556
556
556
556
556
556
556
556
556
556
556
556
556
556
556
556
556
556
556
556
556
556
556
556
556
556
556
556
556
556
557
557
557
557
557
557
557
557
557
557
557
557
557
557
557
557
557
557
557
557
557
557
557
557
557
557
557
557
557
557
557
557
557
557
557
557
557
557
557
557
557
557
557
557
557
557
557
557
557
557
557
557
557
557
557
557
557
557
557
557
557
557
557
557
557
559
559
559
559
559
559
559
559
559
559
559
559
559
559
559
559
559
559
559
559
559
559
559
559
559
559
559
559
559
559
559
559
559
559
559
559
559
559
559
559
559
559
559
559
559
559
559
559
559
559
559
559
559
559
559
559
559
559
560
560
560
560
560
560
560
560
560
560
560
560
560
560
560
560
560
560
560
560
560
560
560
560
560
560
560
560
560
560
560
560
560
560
560
560
560
560
560
560
560
560
560
560
560
561
561
561
561
561
561
561
561
561
561
561
561
561
561
561
561
561
561
561
562
562
562
562
562
562
562
562
562
562
562
562
562
562
562
562
562
562
562
562
562
562
562
562
562
562
562
562
562
563
563
563
563
563
563
563
563
563
564
564
564
564
564
564
564
564
564
564
564
564
564
564
564
564
564
564
564
564
564
565
565
565
565
565
565
565
565
565
565
565
565
565
565
565
565
565
565
565
565
565
565
565
565
565
565
565
565
565
565
565
565
565
565
565
565
565
565
565
565
565
565
565
565
565
565
565
565
565
565
565
565
565
565
565
565
565
565
565
565
565
565
565
565
565
565
565
565
565
565
565
565
565
565
565
565
565
565
565
565
565
565
565
565
565
565
565
565
565
565
565
565
565
565
565
565
565
565
565
565
565
565
565
565
565
565
565
565
565
565
565
565
565
565
565
565
565
565
565
565
565
565
565
565
565
565
565
565
565
565
565
565
565
565
565
565
565
565
565
565
565
565
565
565
565
565
565
565
565
565
565
567
567
567
567
567
567
567
567
567
567
567
567
567
567
567
567
567
567
567
567
567
567
567
567
567
567
567
567
567
567
567
567
567
567
567
567
567
567
567
567
567
567
567
567
567
567
568
568
568
568
568
568
568
568
568
568
568
568
568
568
568
568
568
568
568
568
568
568
568
568
568
568
568
568
568
568
568
568
568
568
568
569
569
569
569
569
569
569
569
569
569
569
569
569
569
569
569
569
569
569
569
569
569
569
569
569
569
569
569
569
569
569
569
569
569
569
569
569
569
569
569
569
569
569
569
569
569
569
569
569
569
569
569
569
569
569
569
569
569
569
569
569
569
569
569
569
569
569
569
569
569
569
569
569
569
569
569
569
569
569
569
569
569
570
570
570
570
570
570
570
570
570
570
570
570
570
570
570
570
570
570
570
570
570
570
570
570
570
570
570
570
570
570
570
570
572
572
572
572
572
572
572
572
572
572
572
572
572
572
572
572
572
572
572
572
572
572
572
572
572
572
572
572
573
573
573
573
573
573
573
573
573
573
573
573
573
573
573
573
573
573
573
573
573
573
573
573
573
573
573
573
573
573
573
573
573
573
573
573
573
573
573
573
573
573
573
573
573
573
573
573
573
573
573
573
573
573
573
573
573
573
573
573
573
573
573
573
573
573
573
573
573
573
573
573
573
573
573
573
573
573
573
573
573
573
573
573
573
573
573
573
573
573
573
573
573
573
573
573
573
573
573
573
573
573
573
573
573
573
573
573
573
573
573
573
573
573
573
573
573
573
573
573
573
573
573
573
573
573
573
573
573
573
573
573
573
573
573
573
573
573
573
573
573
573
573
573
573
573
573
573
573
573
573
573
573
573
573
573
573
573
573
573
573
573
573
573
573
573
573
573
573
573
573
573
573
573
573
573
573
573
573
573
573
573
573
573
573
573
573
573
573
573
573
573
573
573
573
573
573
573
573
573
573
573
573
573
573
573
573
573
573
573
573
573
573
573
573
574
574
574
574
574
574
574
574
574
574
574
574
574
574
574
574
574
574
574
574
574
574
574
574
574
574
574
574
574
574
574
576
576
576
576
576
576
576
576
576
576
576
576
576
576
576
576
576
576
576
576
576
576
576
576
576
576
576
577
577
577
577
577
577
577
577
577
577
577
577
577
577
577
577
577
577
577
577
577
577
577
577
577
577
577
577
577
577
577
577
577
577
577
577
577
577
577
577
577
577
577
577
577
577
577
577
577
577
577
577
577
577
577
577
577
577
577
577
577
577
577
577
577
577
577
577
577
577
577
577
577
577
577
577
577
577
577
577
577
577
577
577
577
577
577
577
577
577
577
577
577
577
577
577
577
577
577
577
577
577
577
577
577
577
577
577
577
577
577
577
577
577
577
577
577
577
577
577
577
577
577
577
577
577
577
577
577
577
577
577
577
577
577
577
577
577
577
577
577
577
577
577
577
577
577
577
577
577
577
577
577
577
577
577
577
577
577
577
577
577
577
577
577
577
577
577
577
577
577
577
577
577
577
577
577
577
577
577
577
577
577
577
577
577
577
577
577
577
577
577
577
577
577
577
577
577
577
577
577
577
577
577
577
577
577
577
577
577
577
577
577
577
577
577
577
577
577
577
577
577
577
577
577
577
577
577
577
577
577
577
577
577
577
577
577
577
577
577
577
577
577
577
577
577
577
577
577
577
577
577
577
577
577
577
577
577
577
577
577
577
577
577
577
577
577
577
577
577
577
577
577
577
577
577
577
577
577
577
577
577
577
577
577
577
577
577
577
577
577
577
577
577
577
577
577
577
577
577
577
577
577
577
577
577
577
577
577
577
577
577
577
577
577
577
577
577
577
577
577
577
577
577
577
577
577
577
577
577
577
577
577
577
577
577
577
577
577
577
577
577
577
577
577
577
577
577
577
577
577
577
577
577
577
577
577
577
577
577
577
577
577
577
577
577
577
577
577
577
577
577
577
577
577
577
577
577
577
577
577
577
577
577
577
577
577
577
577
577
577
577
577
577
577
577
577
577
577
577
577
577
577
577
577
577
577
577
577
577
577
577
577
577
577
577
577
577
577
577
577
577
577
577
577
577
577
577
577
577
577
577
577
577
577
577
577
577
577
577
577
577
577
577
577
577
577
577
577
577
577
577
577
577
577
577
577
577
577
577
577
577
577
577
577
577
577
577
577
577
577
577
577
577
577
577
577
577
577
577
577
577
577
577
577
577
577
577
577
577
577
577
577
577
578
578
578
578
578
578
578
578
578
578
578
578
578
578
578
578
578
578
578
578
578
578
578
578
578
578
578
578
578
578
578
578
578
578
578
578
578
578
578
578
578
578
578
578
578
578
578
578
578
578
578
578
578
578
578
578
578
578
578
578
578
578
578
578
578
578
578
578
578
578
578
578
578
578
578
578
578
578
578
578
578
578
578
578
578
578
578
578
578
578
578
578
578
578
578
578
578
578
578
578
578
578
578
578
578
578
578
578
578
578
578
578
578
578
578
578
578
578
578
578
578
578
578
578
578
578
578
578
578
578
578
578
578
578
578
578
578
578
578
578
578
578
578
578
578
578
578
578
578
578
578
578
578
578
578
578
578
578
578
578
578
578
578
578
578
578
578
578
578
578
578
578
578
578
578
578
578
578
578
578
578
578
578
578
578
578
578
578
578
578
578
578
578
578
578
578
578
578
578
578
578
578
578
578
578
578
578
578
578
578
578
578
578
578
578
578
578
578
578
578
578
578
578
578
578
578
578
578
578
578
578
578
578
578
578
578
578
578
578
578
578
578
578
578
578
578
578
578
578
578
578
578
578
578
578
578
578
578
578
578
578
578
578
578
578
578
578
578
578
578
578
578
578
578
578
578
578
578
578
578
578
578
578
578
578
578
578
578
578
578
578
578
578
578
578
578
578
578
578
578
578
578
578
578
578
578
578
578
578
578
578
578
578
578
578
578
578
578
578
578
578
578
578
578
578
578
578
578
578
578
578
578
578
578
578
578
578
578
578
578
578
578
578
578
578
578
578
578
578
578
578
578
578
578
578
578
578
578
578
578
578
578
578
578
578
578
579
579
579
579
579
579
579
579
579
579
579
579
579
579
579
579
579
579
579
579
579
579
579
579
579
579
579
579
579
579
579
579
579
579
579
579
579
579
579
579
579
579
579
579
579
579
579
580
580
580
580
580
580
580
580
580
580
580
580
580
580
580
580
580
580
580
580
580
580
580
580
580
580
580
580
580
580
580
580
580
580
580
580
580
580
580
580
580
580
580
580
580
580
580
580
580
580
580
580
580
580
580
580
580
580
580
580
580
580
580
580
580
580
580
580
580
580
580
580
580
580
580
580
580
580
580
580
580
580
580
580
580
580
580
580
580
580
580
580
580
580
580
580
580
580
580
580
580
580
580
580
580
580
580
580
580
580
580
580
580
580
580
580
580
580
580
580
580
580
580
580
580
580
580
580
580
580
580
580
580
580
580
580
580
580
580
580
580
580
580
580
580
580
580
580
580
580
580
580
580
580
580
580
580
580
580
580
580
580
580
580
580
580
580
580
580
580
580
580
580
580
580
580
580
580
580
580
580
580
580
580
580
580
580
580
580
580
580
580
580
580
580
580
580
580
580
580
580
580
580
580
580
580
580
580
580
580
580
580
580
580
580
580
580
580
580
580
580
580
580
580
580
580
580
580
580
580
580
580
580
580
580
580
580
580
580
580
580
580
580
580
580
580
580
580
580
580
580
580
580
580
580
580
580
580
580
580
580
580
580
580
580
580
580
580
580
580
580
580
580
580
580
580
580
580
580
580
580
580
580
580
580
580
580
580
580
580
580
580
580
580
580
580
580
580
580
580
580
580
580
580
580
580
580
580
580
580
580
580
580
580
580
580
580
580
580
580
580
580
580
580
580
580
580
580
580
580
580
580
580
580
580
580
580
580
580
580
580
580
580
580
580
580
580
580
580
580
580
580
580
580
580
580
580
580
580
580
580
580
580
580
580
580
580
580
580
580
580
580
580
580
580
580
580
580
580
580
580
580
580
580
580
580
580
580
580
580
580
580
580
580
580
580
580
580
580
580
580
580
580
580
580
580
580
580
580
580
580
580
580
580
580
580
580
580
580
580
580
580
580
580
580
580
580
580
580
580
580
580
580
580
580
580
580
580
580
580
580
580
580
580
580
580
580
580
580
580
580
580
580
580
580
580
580
580
580
580
580
580
580
580
580
580
580
580
580
580
580
580
580
580
580
580
580
580
580
580
580
580
580
580
580
580
580
580
580
580
580
580
580
580
580
580
580
580
580
580
580
580
580
580
580
580
580
580
580
580
580
580
580
580
580
580
580
580
580
580
580
580
580
580
580
580
580
580
580
580
580
580
580
580
580
580
580
580
580
580
580
580
580
580
580
580
580
580
580
580
580
580
580
580
580
580
580
580
580
580
580
580
580
580
580
580
580
580
580
580
580
580
580
580
580
580
580
580
580
580
580
580
580
580
580
580
580
580
580
580
580
580
580
580
580
580
580
580
580
580
580
580
580
580
580
580
580
580
580
580
580
580
580
580
580
580
580
580
580
580
580
580
580
580
580
580
580
580
580
580
580
580
580
580
580
580
580
580
580
580
580
580
580
580
580
580
580
580
580
580
580
580
580
580
580
580
580
580
580
580
580
580
580
580
580
580
580
580
580
580
580
580
580
580
580
580
580
580
580
580
580
580
580
580
580
580
580
580
580
580
580
580
580
580
580
580
580
580
580
580
580
580
580
580
580
580
580
580
580
580
580
580
580
580
580
580
580
580
580
580
580
580
580
580
580
580
580
580
580
580
580
580
580
580
580
580
580
580
580
580
580
580
580
580
580
580
580
580
580
580
580
580
580
580
580
580
580
580
580
580
580
580
580
580
580
580
580
580
580
580
580
580
580
580
580
580
580
580
580
580
580
580
580
580
580
580
580
580
580
580
580
580
580
580
580
580
580
580
580
580
580
580
580
580
580
580
580
580
580
580
580
580
580
580
580
580
580
580
580
580
580
580
580
580
580
580
580
580
580
580
580
580
580
580
580
580
580
580
580
580
580
580
580
580
580
580
580
580
580
580
580
580
580
580
580
580
580
580
580
580
580
580
580
580
580
580
580
580
580
580
580
580
580
580
580
580
580
580
580
580
580
580
580
580
580
580
580
580
580
580
580
580
580
580
580
580
580
580
580
580
580
580
580
580
580
580
580
580
580
580
580
580
580
580
580
580
580
580
580
580
580
580
580
580
580
580
580
580
580
580
580
580
580
580
580
580
580
580
580
580
580
580
580
580
580
580
580
580
580
580
580
580
580
580
580
580
580
580
580
580
580
580
580
580
580
580
580
580
580
580
580
580
580
580
580
580
580
580
580
580
580
580
580
580
580
580
580
580
580
580
580
580
580
580
580
580
580
580
580
580
580
580
580
580
580
580
580
580
580
580
580
580
580
580
580
580
580
580
580
580
580
580
580
580
580
580
580
580
580
580
580
580
580
580
580
580
580
580
580
580
580
580
580
580
580
580
580
580
580
580
580
580
580
580
580
580
580
580
580
580
580
580
580
580
580
580
580
580
580
580
580
580
580
580
580
580
580
580
580
580
580
580
580
580
580
580
580
580
580
580
580
580
580
580
580
580
580
580
580
580
580
580
580
580
580
580
580
580
580
580
580
580
580
580
580
580
580
580
580
580
580
580
580
580
580
580
580
580
580
580
580
580
580
580
580
580
580
580
580
580
580
580
580
580
580
580
580
580
580
580
580
580
580
580
580
580
580
580
580
580
580
580
580
580
580
580
580
580
580
580
580
580
580
580
580
580
580
580
580
580
580
580
580
580
580
580
580
580
580
580
580
580
580
580
580
580
580
580
580
580
580
580
580
580
580
580
580
580
580
580
580
580
580
580
580
580
580
580
580
580
580
580
580
580
580
580
580
580
580
580
580
580
580
580
580
580
580
580
580
580
580
580
580
580
580
580
580
580
580
580
580
580
580
580
580
580
580
580
580
580
580
580
580
580
580
580
580
580
580
580
580
580
580
580
580
580
580
580
580
580
580
580
580
580
580
580
580
580
580
580
580
580
580
580
580
580
580
580
580
580
580
580
580
580
580
580
580
580
580
580
580
580
580
580
580
580
580
580
580
580
580
580
580
580
580
580
580
580
580
580
580
580
580
580
580
580
580
580
580
580
580
580
580
580
580
580
580
580
580
580
580
580
580
580
580
580
580
580
580
580
580
580
580
580
580
580
580
580
580
580
580
580
580
580
580
580
580
580
580
580
580
580
580
580
580
580
580
580
580
580
580
580
580
580
580
580
580
580
580
580
580
580
580
580
580
580
580
580
580
580
580
580
580
580
580
580
580
580
580
580
580
580
580
580
580
580
580
580
580
580
580
580
580
580
580
580
580
580
580
580
580
580
580
580
580
580
580
580
580
580
580
580
580
580
580
580
580
580
580
580
580
580
580
580
580
580
580
580
580
580
580
580
580
580
580
580
580
580
580
580
580
580
580
580
580
580
580
580
580
580
580
580
580
580
580
580
580
580
580
580
580
580
580
580
580
580
580
580
580
580
580
580
580
580
580
580
580
580
580
580
580
580
580
580
580
580
580
580
580
580
580
580
580
580
580
580
580
580
580
580
580
580
580
580
580
580
580
580
580
580
580
580
580
580
580
580
580
580
580
580
580
580
580
580
580
580
580
580
580
580
580
580
580
580
580
580
580
580
580
580
580
580
580
580
580
580
580
580
580
580
580
580
580
580
580
580
580
580
580
580
580
580
580
580
580
580
580
580
580
580
580
580
580
580
580
580
580
580
580
580
580
580
580
580
580
580
580
580
580
580
580
580
580
580
580
580
580
580
580
580
580
580
580
580
580
580
580
580
580
580
580
580
580
580
580
580
580
580
580
580
580
580
580
580
580
580
580
580
580
580
580
580
580
580
580
580
580
580
580
580
580
580
580
580
580
580
580
580
580
580
580
580
580
580
580
580
580
580
580
580
580
580
580
580
580
580
580
580
580
580
580
580
580
580
580
580
580
580
580
580
580
580
580
580
580
580
580
580
580
580
580
580
580
580
580
580
580
580
580
580
580
580
580
580
580
580
580
580
580
580
580
580
580
580
580
580
580
580
580
580
580
580
580
580
580
580
580
580
580
580
580
580
580
580
580
580
580
580
580
580
580
580
580
580
580
580
580
580
580
580
580
580
580
580
580
580
580
580
580
580
580
580
580
580
580
580
580
580
580
580
580
580
580
580
580
580
580
580
580
580
580
580
580
580
580
580
580
580
580
580
580
580
580
580
580
580
580
580
580
580
580
580
580
580
580
580
580
580
580
580
580
580
580
580
580
580
580
580
580
580
580
580
580
580
580
580
580
580
580
580
580
580
580
580
580
580
580
580
580
580
580
580
580
580
580
580
580
580
580
580
580
580
580
580
580
580
580
580
580
580
580
580
580
580
580
580
580
580
580
580
580
580
580
580
580
580
580
580
580
580
580
580
580
580
580
580
580
580
580
580
580
580
580
580
580
580
580
580
580
580
580
580
580
580
580
580
580
580
580
580
580
580
580
580
580
580
580
580
580
580
580
580
580
580
580
580
580
580
580
580
580
580
580
580
580
580
580
580
580
580
580
580
580
580
580
580
580
580
580
580
580
580
580
580
580
580
580
580
580
580
580
580
580
580
580
580
580
580
580
580
580
580
580
580
580
580
580
580
580
580
580
580
580
580
580
580
580
580
580
580
580
580
580
580
580
580
580
580
580
580
580
580
580
580
580
580
580
580
580
580
580
580
580
580
580
580
580
580
580
580
580
580
580
580
580
580
580
580
580
580
580
580
580
580
580
580
580
580
580
580
580
580
580
580
580
580
580
580
580
580
580
580
580
580
580
580
580
580
580
580
580
580
580
580
580
580
580
580
580
580
580
580
580
580
580
580
580
580
580
580
580
580
580
580
580
580
580
580
580
580
580
580
580
580
580
580
580
580
580
580
580
580
580
580
580
580
580
580
580
580
580
580
580
580
580
580
580
580
580
580
580
580
580
580
580
580
580
580
580
580
580
580
580
580
580
580
580
580
580
580
580
580
580
580
580
580
580
580
580
580
580
580
580
580
580
580
580
580
580
580
580
580
580
580
580
580
580
580
580
580
580
580
580
580
580
580
580
580
580
580
580
580
580
580
580
580
580
580
580
580
580
580
580
580
580
580
580
580
580
580
580
580
580
580
580
580
580
580
580
580
580
580
580
580
580
580
580
580
580
580
580
580
580
580
580
580
580
580
580
580
580
580
580
580
580
580
580
580
580
580
580
580
580
580
580
580
580
580
580
580
580
580
580
580
580
580
580
580
580
580
580
580
580
580
580
580
580
580
580
580
580
580
580
580
580
580
580
580
580
580
580
580
580
580
580
580
580
580
580
580
580
580
580
580
580
580
580
580
580
580
580
580
580
580
580
580
580
580
580
580
580
580
580
580
580
580
580
580
580
580
580
580
580
580
580
580
580
580
580
580
580
580
580
580
580
580
580
580
580
580
580
580
580
580
580
580
580
580
580
580
580
580
580
580
580
580
580
580
580
580
580
580
580
580
580
580
580
580
580
580
580
580
580
580
580
580
580
580
580
580
580
580
580
580
580
580
580
580
580
580
580
580
580
580
580
580
580
580
580
580
580
580
580
580
580
580
580
580
580
580
580
580
580
580
580
580
580
580
580
580
580
580
580
580
580
580
580
580
580
580
580
580
580
580
580
580
580
580
580
580
580
580
580
580
580
580
580
580
580
580
580
580
580
580
580
580
580
580
580
580
580
580
580
580
580
580
580
580
580
580
580
580
580
580
580
580
580
580
580
580
580
580
580
580
580
580
580
580
580
580
580
580
580
580
580
580
580
580
580
580
580
580
580
580
580
580
580
580
580
580
580
580
580
580
580
580
580
580
580
580
580
580
580
580
580
580
580
580
580
580
580
580
580
580
580
580
580
580
580
580
580
580
580
580
580
580
580
580
580
580
580
580
580
580
580
580
580
580
580
580
580
580
580
580
580
580
580
580
580
580
580
580
580
580
580
580
580
580
580
580
580
580
580
580
580
580
580
580
580
580
580
580
580
580
580
580
580
580
580
580
580
580
580
580
580
580
580
580
580
580
580
580
580
580
580
580
580
580
580
580
580
580
580
580
580
580
580
580
580
580
580
580
580
580
580
580
580
580
580
580
580
580
580
580
580
580
580
580
580
580
580
580
580
580
580
580
580
580
580
580
580
580
580
580
580
580
580
580
580
580
580
580
580
580
580
580
580
580
580
580
580
580
580
580
580
580
580
580
580
580
580
580
580
580
580
580
580
580
580
580
580
580
580
580
580
580
580
580
580
580
580
580
580
580
580
580
580
580
580
580
580
580
580
580
580
580
580
580
580
580
580
580
580
580
580
580
580
580
580
580
580
580
580
580
580
580
580
580
580
580
580
580
580
580
580
580
580
580
580
580
580
580
580
580
580
580
580
580
580
580
580
580
580
580
580
580
580
580
580
580
580
580
580
580
580
580
580
580
580
580
580
580
580
580
580
580
580
580
580
580
580
580
580
580
580
580
580
580
580
580
580
580
580
580
580
580
580
580
580
580
580
580
580
580
580
580
580
580
580
580
580
580
580
580
580
580
580
580
580
580
580
580
580
580
580
580
580
580
580
580
580
580
580
580
580
580
580
580
580
580
580
580
580
580
580
580
580
580
580
580
580
580
580
580
580
580
580
580
580
580
580
580
580
580
580
580
580
580
580
580
580
580
580
580
580
580
580
580
580
580
580
580
580
580
580
580
580
580
580
580
580
580
580
580
580
580
580
580
580
580
580
580
580
580
580
580
580
580
580
580
580
580
580
580
580
580
580
580
580
580
580
580
580
580
580
580
580
580
580
580
580
580
580
580
580
580
580
580
580
580
580
580
580
580
580
580
580
580
580
580
580
580
580
580
580
580
580
580
580
580
580
580
580
580
580
580
580
580
580
580
580
580
580
580
580
580
580
580
580
580
580
580
580
580
580
580
580
580
580
580
580
580
580
580
580
580
580
580
580
580
580
580
580
580
580
580
580
580
580
580
580
580
580
580
580
580
580
580
580
580
580
580
580
580
580
580
580
580
580
580
580
580
580
580
580
580
580
580
580
580
580
580
580
580
580
580
580
580
580
580
580
580
580
580
580
580
580
580
580
580
580
580
580
580
580
580
580
580
580
580
580
580
580
580
580
580
580
580
580
580
580
580
580
580
580
580
580
580
580
580
580
580
580
580
580
580
580
580
580
580
580
580
580
580
580
580
580
580
580
580
580
580
580
580
580
580
580
580
580
580
580
580
580
580
580
580
580
580
580
580
580
580
580
580
580
580
580
580
580
580
580
580
580
580
580
580
580
580
580
580
580
580
580
580
580
580
580
580
580
580
580
580
580
580
580
580
580
580
580
580
580
580
580
580
580
580
580
580
580
580
580
580
580
580
580
580
580
580
580
580
580
580
580
580
580
580
580
580
580
580
580
580
580
580
580
580
580
580
580
580
580
580
580
580
580
580
580
580
580
580
580
580
580
580
580
580
580
580
580
580
580
580
580
580
580
580
580
580
580
580
580
580
580
580
580
580
580
580
580
580
580
580
580
580
580
580
580
580
580
580
580
580
580
580
580
580
580
580
580
580
580
580
580
580
580
580
580
580
580
580
580
580
580
580
580
580
580
580
580
580
580
580
580
580
580
580
580
580
580
580
580
580
580
580
580
580
580
580
580
580
580
580
580
580
580
580
580
580
580
580
580
580
580
580
580
580
580
580
580
580
580
580
580
580
580
580
580
580
580
580
580
580
580
580
580
580
580
580
580
580
580
580
580
580
580
580
580
580
580
580
580
580
580
580
580
580
580
580
580
580
580
580
580
580
580
580
580
580
580
580
580
580
580
580
580
580
580
580
580
580
580
580
580
580
580
580
580
580
580
580
580
580
580
580
580
580
580
580
580
580
580
580
580
580
580
580
580
580
580
580
580
580
580
580
580
580
580
580
580
580
580
580
580
580
580
580
580
580
580
580
580
580
580
580
580
580
580
580
580
580
580
580
580
580
580
580
580
580
580
580
580
580
580
580
580
580
580
580
580
580
580
580
580
580
580
580
580
580
580
580
580
580
580
580
580
580
580
580
580
580
580
580
580
580
580
580
580
580
580
580
580
580
580
580
580
580
580
580
580
580
580
580
580
580
580
580
580
580
580
580
580
580
580
580
580
580
580
580
580
580
580
580
580
580
580
580
580
580
580
580
580
580
580
580
580
580
580
580
580
580
580
580
580
580
580
580
580
580
580
580
580
580
580
580
580
580
580
580
580
580
580
580
580
580
580
580
580
580
580
580
580
580
580
580
580
580
580
580
580
580
580
580
580
580
580
580
580
580
580
580
580
580
580
580
580
580
580
580
580
580
580
580
580
580
580
580
580
580
580
580
580
580
580
580
580
580
580
580
580
580
580
580
580
580
580
580
580
580
580
580
580
580
580
580
580
580
580
580
580
580
580
580
580
580
580
580
580
580
580
580
580
580
580
580
580
580
580
580
580
580
580
580
580
580
580
580
580
580
580
580
580
580
580
580
580
580
580
580
580
580
580
580
580
580
580
580
580
580
580
580
580
580
580
580
580
580
580
580
580
580
580
580
580
580
580
580
580
580
580
580
580
580
580
580
580
580
580
580
580
580
580
580
580
580
580
580
580
580
580
580
580
580
580
580
580
580
580
580
580
580
580
580
580
580
580
580
580
580
580
580
580
580
580
580
580
580
580
580
580
580
580
580
580
580
580
580
580
580
580
580
580
580
580
580
580
580
580
580
580
580
580
580
580
580
580
580
580
580
580
580
580
580
580
580
580
580
580
580
580
580
580
580
580
580
580
580
580
580
580
580
580
580
580
580
580
580
580
580
580
580
580
580
580
580
580
580
580
580
580
580
580
580
580
580
580
580
580
580
580
580
580
580
580
580
580
580
580
580
580
580
580
580
580
580
580
580
580
580
580
580
580
580
580
580
580
580
580
580
580
580
580
580
580
580
580
580
580
580
580
580
580
580
580
580
580
580
580
580
580
580
580
580
580
580
580
580
580
580
580
580
580
580
580
580
580
580
580
580
580
580
580
580
580
580
580
580
580
580
580
580
580
580
580
580
580
580
580
580
580
580
580
580
580
580
580
580
580
580
580
580
580
580
580
580
580
580
580
580
580
580
580
580
580
580
580
580
580
580
580
580
580
580
580
580
580
580
580
580
580
580
580
580
580
580
580
580
580
580
580
580
580
580
580
580
580
580
580
580
580
580
580
580
580
580
580
580
580
580
580
580
580
580
580
580
580
580
580
580
580
580
580
580
580
580
580
580
580
580
580
580
580
580
580
580
580
580
580
580
580
580
580
580
580
580
580
580
580
580
580
580
580
580
580
580
580
580
580
580
580
580
580
580
580
580
580
580
580
580
580
580
580
580
580
580
580
580
580
580
580
580
580
580
580
580
580
580
580
580
580
580
580
580
580
580
580
580
580
580
580
580
580
580
580
580
580
580
580
580
580
580
580
580
580
580
580
580
580
580
580
580
580
580
580
580
580
580
580
580
580
580
580
580
580
580
580
580
580
580
580
580
580
580
580
580
580
580
580
580
580
580
580
580
580
580
580
580
580
580
580
580
580
580
580
580
580
580
580
580
580
580
580
580
580
580
580
580
580
580
580
580
580
580
580
580
580
580
580
580
580
580
580
580
580
580
580
580
580
580
580
580
580
580
580
580
580
580
580
580
580
580
580
580
580
580
580
580
580
580
580
580
580
580
580
580
580
580
580
580
580
580
580
580
580
580
580
580
580
580
580
580
580
580
580
580
580
580
580
580
580
580
580
580
580
580
580
580
580
580
580
580
580
580
580
580
580
580
580
580
580
580
580
580
580
580
580
580
580
580
580
580
580
580
580
580
580
580
580
580
580
580
580
580
580
580
580
580
580
580
580
580
580
580
580
580
580
580
580
580
580
580
580
580
580
580
580
580
580
580
580
580
580
580
580
580
580
580
580
580
580
580
580
580
580
580
580
580
580
580
580
580
580
580
580
580
580
580
580
580
580
580
580
580
580
580
580
580
580
580
580
580
580
580
580
580
580
580
580
580
580
580
580
580
580
580
580
580
580
580
580
580
580
580
580
580
580
580
580
580
580
580
580
580
580
580
580
580
580
580
580
580
580
580
580
580
580
580
580
580
580
580
580
580
580
580
580
580
580
580
580
580
580
580
580
580
580
580
580
580
580
580
580
580
580
580
580
580
580
580
580
580
580
580
580
580
580
580
580
580
580
580
580
580
580
580
580
580
580
580
580
580
580
580
580
580
580
580
580
580
580
580
580
580
580
580
580
580
580
580
580
580
580
580
580
580
580
580
580
580
580
580
580
580
580
580
580
580
580
580
580
580
580
580
580
580
580
580
580
580
580
580
580
580
580
580
580
580
580
580
580
580
580
580
580
580
580
580
580
580
580
580
580
580
580
580
580
580
580
580
580
580
580
580
580
580
580
580
580
580
580
580
580
580
580
580
580
580
580
580
580
580
580
580
580
580
580
580
580
580
580
580
580
580
580
580
580
580
580
580
580
580
580
580
580
580
580
580
580
580
580
580
580
580
580
580
580
580
580
580
580
580
580
580
580
580
580
580
580
580
580
580
580
580
580
580
580
580
580
580
580
580
580
580
580
580
580
580
580
580
580
580
580
580
580
580
580
580
580
580
580
580
580
580
580
580
580
580
580
580
580
580
580
580
580
580
580
580
580
580
580
580
580
580
580
580
580
580
580
580
580
580
580
580
580
580
580
580
580
580
580
580
580
580
580
580
580
580
580
580
580
580
580
580
580
580
580
580
580
580
580
580
580
580
580
580
580
580
580
580
580
580
580
580
580
580
580
580
580
580
580
580
580
581
581
581
581
581
581
581
581
581
581
581
581
581
581
581
581
581
581
581
581
581
581
581
581
581
581
581
581
581
581
581
581
581
581
581
581
581
581
581
581
581
581
581
581
581
581
581
581
581
581
581
581
581
581
581
581
581
581
581
581
581
581
581
581
581
581
581
581
581
581
581
581
581
581
581
581
581
581
581
581
581
581
581
581
581
581
581
581
581
581
581
581
581
581
581
581
581
581
581
581
581
581
581
581
581
581
581
581
581
581
581
581
581
581
581
581
581
581
581
581
581
581
581
581
581
581
581
581
581
581
581
581
581
581
581
581
581
581
581
581
581
581
581
581
581
581
581
581
581
581
581
581
581
581
581
581
581
581
581
581
581
581
581
581
581
581
581
581
581
581
581
581
581
581
581
581
581
581
581
581
581
581
581
581
581
581
581
581
581
581
581
581
581
581
581
581
581
581
581
581
581
581
581
581
581
581
581
581
581
581
581
581
581
581
581
581
581
581
581
581
581
581
581
581
581
581
581
581
581
581
581
581
581
581
581
581
581
581
581
581
581
581
581
581
581
581
581
581
581
581
581
581
581
581
581
581
581
581
581
581
581
581
581
581
581
581
581
581
581
581
581
581
581
581
581
581
581
581
581
581
581
581
581
581
581
581
581
581
581
581
581
581
581
581
581
581
581
581
581
581
581
581
581
581
581
581
581
581
581
581
581
581
581
581
581
581
581
581
581
581
581
581
581
581
581
581
581
581
581
581
581
581
581
581
581
581
581
581
581
581
581
581
581
581
581
581
581
581
581
581
581
581
581
581
581
581
581
581
581
581
581
581
581
581
581
581
581
581
581
581
581
581
581
581
581
581
581
581
581
581
581
581
581
581
581
581
581
581
581
581
581
581
581
581
581
581
581
581
581
581
581
581
581
581
581
581
581
581
581
581
581
581
581
581
581
581
581
581
581
581
581
581
581
581
581
581
581
581
581
581
581
581
581
581
581
581
581
581
581
581
581
581
581
581
581
581
581
581
581
581
581
581
581
581
581
581
581
581
581
581
581
581
581
581
581
581
581
581
581
581
581
581
581
581
581
581
581
581
581
581
581
581
581
581
581
581
581
581
581
581
581
581
581
581
581
581
581
581
581
581
581
581
581
581
581
581
581
581
581
581
581
581
581
581
581
581
581
581
581
581
581
581
581
581
581
581
581
581
581
581
581
581
581
581
581
581
581
581
581
581
581
581
581
581
581
581
581
581
581
581
581
581
581
581
581
581
581
581
581
581
581
581
581
581
581
581
581
581
581
581
581
581
581
581
581
581
581
581
581
581
581
581
581
581
581
581
581
581
581
581
581
581
581
581
581
581
581
581
581
581
581
581
581
581
581
581
581
581
581
581
581
581
581
581
581
581
581
581
581
581
581
581
581
581
581
581
581
581
581
581
581
581
581
581
581
581
581
581
581
581
581
581
581
581
581
581
581
581
581
581
581
581
581
581
581
581
581
581
581
581
581
581
581
581
581
581
581
581
581
581
581
581
581
581
581
581
581
581
581
581
581
581
581
581
581
581
581
581
581
581
581
581
581
581
581
581
581
581
581
581
581
581
581
581
581
581
581
581
581
581
581
581
581
581
581
581
581
581
581
581
581
581
581
581
581
581
581
581
581
581
581
581
581
581
581
581
581
581
581
581
581
581
581
581
581
581
581
581
581
581
581
581
581
581
581
581
581
581
581
581
581
581
581
581
581
581
581
581
581
581
581
581
581
581
581
581
581
581
581
581
581
581
581
581
581
581
581
581
581
581
581
581
581
581
581
581
581
581
581
581
581
581
581
581
581
581
581
581
581
581
581
581
581
581
581
581
581
581
581
581
581
581
581
581
581
581
581
581
581
581
581
581
581
581
581
581
581
581
581
581
581
581
581
581
581
581
581
581
581
581
581
581
581
581
581
581
581
581
581
581
581
581
581
581
581
581
581
581
581
581
581
581
581
581
581
581
581
581
581
581
581
581
581
581
581
581
581
581
581
581
581
581
581
581
581
581
581
581
581
581
581
581
581
581
581
581
581
581
581
581
581
581
581
581
581
581
581
581
581
581
581
581
581
581
581
581
581
581
581
581
581
581
581
581
581
581
581
581
581
581
581
581
581
581
581
581
581
581
581
581
581
581
581
581
581
581
581
581
581
581
581
581
581
581
581
581
581
581
581
581
581
581
581
581
581
581
581
581
581
581
581
581
581
581
581
581
581
581
581
581
581
581
581
581
581
581
581
581
581
581
581
581
581
581
581
581
581
581
581
581
581
581
581
581
581
581
581
581
581
581
581
581
581
581
581
581
581
581
581
581
581
581
581
581
581
581
581
581
581
581
581
581
581
581
581
581
581
581
581
581
581
581
581
581
581
581
581
581
581
581
581
581
581
581
581
581
581
581
581
581
581
581
581
581
581
581
581
581
581
581
581
581
581
581
581
581
581
581
581
581
581
581
581
581
581
581
581
581
581
581
581
581
581
581
581
581
581
581
581
581
581
581
581
581
581
581
581
581
581
581
581
581
581
581
581
581
581
581
581
581
581
581
581
581
581
581
581
581
581
581
581
581
581
581
581
581
581
581
581
581
581
581
581
581
581
581
581
581
581
581
581
581
581
581
581
581
581
581
581
581
581
581
581
581
581
581
581
581
581
581
581
581
581
581
581
581
581
581
581
581
581
581
581
581
581
581
581
581
581
581
581
581
581
581
581
581
581
581
581
581
581
581
581
581
581
581
581
581
581
581
581
581
581
581
581
581
581
581
581
581
581
581
581
581
581
581
581
581
581
581
581
581
581
581
581
581
581
581
581
581
581
581
581
581
581
581
581
581
581
581
581
581
581
581
581
581
581
581
581
581
581
581
581
581
581
581
581
581
581
581
581
581
581
581
581
581
581
581
581
581
581
581
581
581
581
581
581
581
581
581
581
581
581
581
581
581
581
581
581
581
581
581
581
581
581
581
581
581
581
581
581
581
581
581
581
581
581
581
581
581
581
581
581
581
581
581
581
581
581
581
581
581
581
581
581
581
581
581
581
581
581
581
581
581
581
581
581
581
581
581
581
581
581
581
581
581
581
581
581
581
581
581
581
581
581
581
581
581
581
581
581
581
581
581
581
581
581
581
581
581
581
581
581
581
581
581
581
581
581
581
581
581
581
581
581
581
581
581
581
581
581
581
581
581
581
581
581
581
581
581
581
581
581
581
581
581
581
581
581
581
581
581
581
581
581
581
581
581
581
581
581
581
581
581
581
581
581
581
581
581
581
581
581
581
581
581
581
581
581
581
581
581
581
581
581
581
581
581
581
581
581
581
581
581
581
581
581
581
581
581
581
581
581
581
581
581
581
581
581
581
581
581
581
581
581
581
581
581
581
581
581
581
581
581
581
581
581
581
581
581
581
581
581
581
581
581
581
581
581
581
581
581
581
581
581
581
581
581
581
581
581
581
581
581
581
581
581
581
581
581
581
581
581
581
581
581
581
581
581
581
581
581
581
581
581
581
581
581
581
581
581
581
581
581
581
581
581
581
581
581
581
581
581
581
581
581
581
581
581
581
581
581
581
581
581
581
581
581
581
581
581
581
581
581
581
581
581
581
581
581
581
581
581
581
581
581
581
581
581
581
581
581
581
581
581
581
581
581
581
581
581
581
581
581
581
581
581
581
581
581
581
581
581
581
581
581
581
581
581
581
581
581
581
581
581
581
581
581
581
581
581
581
581
581
581
581
581
581
581
581
581
581
581
581
581
581
581
581
581
581
581
581
581
581
581
581
581
581
581
581
581
581
581
581
581
581
581
581
581
581
581
581
581
581
581
581
581
581
581
581
581
581
581
581
581
581
581
581
581
581
581
581
581
581
581
581
581
581
581
581
581
581
581
581
581
581
581
581
581
581
581
581
581
581
581
581
581
581
581
581
581
581
581
581
581
581
581
581
581
581
581
581
581
581
581
581
581
581
581
581
581
581
581
581
581
581
581
581
581
581
581
581
581
581
581
581
581
581
581
581
581
581
581
581
581
581
581
581
581
581
581
581
581
581
581
581
581
581
581
581
581
581
581
581
581
581
581
581
581
581
581
581
581
581
581
581
581
581
581
581
581
581
581
581
581
581
581
581
581
581
581
581
581
581
581
581
581
581
581
581
581
581
581
581
581
581
581
581
581
581
581
581
581
581
581
581
581
581
581
581
581
581
581
581
581
581
581
581
581
581
581
581
581
581
581
581
581
581
581
581
581
581
581
581
581
581
581
581
581
581
581
581
581
581
581
581
581
581
581
581
581
581
581
581
581
581
581
581
581
581
581
581
581
581
581
581
581
581
581
581
581
581
581
581
581
581
581
581
581
581
581
581
581
581
581
581
581
581
581
581
581
581
581
581
581
581
581
581
581
581
581
581
581
581
581
581
581
581
581
581
581
581
581
581
581
581
581
581
581
581
581
581
581
581
581
581
581
581
581
581
581
581
581
581
581
581
581
581
581
581
581
581
581
581
581
581
581
581
581
581
581
581
581
581
581
581
581
581
581
581
581
581
581
581
581
581
581
581
581
581
581
581
581
581
581
581
581
581
581
581
581
581
581
581
581
581
581
581
581
581
581
581
581
581
581
581
581
581
581
581
581
581
581
581
581
581
581
581
581
581
581
581
581
581
581
581
581
581
581
581
581
581
581
581
581
581
581
581
581
581
581
581
581
581
581
581
581
581
581
581
581
581
581
581
581
581
581
581
581
581
581
581
581
581
581
581
581
581
581
581
581
581
581
581
581
581
581
581
581
581
581
581
581
581
581
581
581
581
581
581
581
581
581
581
581
581
581
581
581
581
581
581
581
581
581
581
581
581
581
581
581
581
581
581
581
581
581
581
581
581
581
581
581
581
581
581
581
581
581
581
581
581
581
581
581
581
581
581
581
581
581
581
581
581
581
581
581
581
581
581
581
581
581
581
581
581
581
581
581
581
581
581
581
581
581
581
581
581
581
581
581
581
581
581
581
581
581
581
581
581
581
581
581
581
581
581
581
581
581
581
581
581
581
581
581
581
581
581
581
581
581
581
581
581
581
581
581
581
581
581
581
581
581
581
581
581
581
581
581
581
581
581
581
581
581
581
581
581
581
581
581
581
581
581
581
581
581
581
581
581
581
581
581
581
581
581
581
581
581
581
581
581
581
581
581
581
581
581
581
581
581
581
581
581
581
581
581
581
581
581
581
581
581
581
581
581
581
581
581
581
581
581
581
581
581
581
581
581
581
581
581
581
581
581
581
581
581
581
581
581
581
581
581
581
581
581
581
581
581
581
581
581
581
581
581
581
581
581
581
581
581
581
581
581
581
581
581
581
581
581
581
581
581
581
581
581
581
581
581
581
581
581
581
581
581
581
581
581
581
581
581
581
581
581
581
581
581
581
581
581
581
581
581
581
581
581
581
581
581
581
581
581
581
581
581
581
581
581
581
581
581
581
581
581
581
581
581
581
581
581
581
581
581
581
581
581
581
581
581
581
581
581
581
581
581
581
581
581
581
581
581
581
581
581
581
581
581
581
581
581
581
581
581
581
581
581
581
581
581
581
581
581
581
581
581
581
581
581
581
581
581
581
581
581
581
581
581
581
581
581
581
581
581
581
581
581
581
581
581
581
581
581
581
581
581
581
581
581
581
581
581
581
581
581
581
581
581
581
581
581
581
581
581
581
581
581
581
581
581
581
581
581
581
581
581
581
581
581
581
581
