581
-5565
-5507
-2805
-5859
-293
-708
-3501
-2710
-441
-370
-1126
-636
-3443
-1102
-511
-500
189
-299
254
202
574
330
347
545
533
470
-1578
-947
531
480
573
550
554
548
556
483
502
549
526
574
553
552
-397
513
510
535
-3140
551
553
363
562
511
532
412
371
483
568
551
529
346
-11702
381
-661
-791
546
546
238
261
489
423
363
359
544
-9628
478
466
211
-237
-80
454
436
412
397
-325
198
336
408
332
-255
447
351
367
-331
461
507
526
522
-10661
453
365
253
-3527
254
-2626
459
529
331
-3153
563
574
297
424
-3542
356
174
267
139
-2490
346
-40
508
395
422
-2284
-1892
-1492
285
315
482
361
519
549
518
482
263
-2952
380
468
-6463
-5968
220
252
569
521
392
400
-58
-13608
-1338
311
-2187
548
-10157
481
481
417
322
-2219
436
350
399
282
-11469
286
517
411
-8634
478
402
245
188
415
-528
321
-6797
-759
553
-4501
372
392
-213
486
483
470
-5886
172
394
92
298
-2003
456
384
513
261
419
449
474
-2484
347
288
-486
321
359
265
-5991
-2551
-8565
-162
441
514
494
338
-7693
-1722
562
562
167
376
50
309
484
449
-806
449
192
133
219
296
-7446
269
368
478
218
61
387
364
347
340
320
-6940
485
309
-6
412
-4245
-7015
-942
263
297
349
