1855
2191
2189
2163
2213
2041
2108
2183
2154
2069
2056
2134
2084
2175
2122
2075
2072
1997
2045
1996
2012
1864
1988
1987
1935
1945
1968
2152
2117
1949
1964
1865
1880
1876
1934
1874
1961
1960
1931
1954
1858
1923
1878
2059
1955
1958
1943
2172
1929
1877
1985
1922
1957
1946
1978
1981
1963
1868
1927
1951
1892
1828
1911
1939
1969
1880
1880
1930
1949
1897
1905
1903
1897
1874
1816
1880
1868
1895
1921
1942
1922
1870
1888
1937
1925
1922
1930
1934
1906
1931
1951
1897
1903
1867
1927
1949
1954
1954
1881
1961
1967
1901
1877
1948
1924
1945
1951
1931
1899
1865
1858
1951
1950
1962
1908
1934
1927
1933
1902
1926
1924
1938
1937
1938
1870
1984
1920
1917
1915
1956
1935
1869
1865
1950
1958
1925
1880
1906
1886
1937
1820
1918
1928
1869
1887
1940
1934
1902
1812
1942
1903
1987
1930
1867
1939
1963
1947
1984
2001
1926
1916
1965
1966
1975
1932
1919
1933
1902
1954
1928
1937
1902
1907
1984
1949
2115
1929
1923
1823
1898
1884
1913
1952
1961
1968
2018
1932
1926
1900
1932
1911
1940
1932
1921
1931
1925
1923
1956
1912
1971
1958
1876
1913
1935
1899
2087
2047
1887
1946
1889
1888
1928
1906
1837
1930
1922
1922
1873
1898
1928
1921
1938
1933
1940
1939
1942
1939
1951
1940
1890
1945
1892
1886
1900
1893
1937
1894
1895
1900
1930
1890
1943
1941
1942
1942
2111
1993
1898
1925
1955
1965
