-1274
-7756
-7696
-4968
-8072
-2334
-2816
-5684
-4864
-2510
-2426
-3260
-2720
-5618
-3224
-2586
-2572
-1808
-2344
-1742
-1810
-1290
-1658
-1640
-1390
-1412
-1498
-3730
-3064
-1418
-1484
-1292
-1330
-1322
-1386
-1318
-1478
-1458
-1382
-1428
-1284
-1370
-1326
-2456
-1442
-1448
-1408
-5312
-1378
-1324
-1622
-1360
-1446
-1414
-1566
-1610
-1480
-1300
-1376
-1422
-1546
-13530
-1530
-2600
-2760
-1334
-1334
-1692
-1688
-1408
-1482
-1540
-1538
-1330
-11444
-1402
-1402
-1684
-2158
-2022
-1468
-1434
-1476
-1540
-2250
-1724
-1594
-1526
-1574
-2186
-1504
-1546
-1536
-2198
-1466
-1442
-1428
-1432
-12542
-1508
-1602
-1648
-5404
-1694
-4550
-1486
-1422
-1600
-5052
-1302
-1284
-1654
-1526
-5504
-1552
-1760
-1660
-1794
-4392
-1580
-1964
-1430
-1542
-1516
-4154
-3876
-3412
-1632
-1600
-1474
-1574
-1350
-1316
-1432
-1476
-1662
-4832
-1526
-1418
-8400
-7788
-1698
-1676
-1300
-1366
-1548
-1534
-1960
-15420
-3280
-1592
-4174
-1382
-12024
-1458
-1482
-1530
-1662
-4220
-1490
-1566
-1566
-1684
-13444
-1646
-1402
-1522
-10536
-1476
-1526
-1692
-1714
-1492
-2512
-1628
-8912
-2688
-1370
-6324
-1526
-1492
-2126
-1466
-1478
-1498
-7904
-1760
-1532
-1808
-1634
-3914
-1484
-1548
-1408
-1670
-1506
-1474
-1482
-4396
-1624
-1670
-2362
-1592
-1576
-1634
-8078
-4598
-10452
-2108
-1448
-1374
-1434
-1568
-9530
-3652
-1360
-1360
-1706
-1522
-1878
-1612
-1454
-1484
-2746
-1490
-1750
-1806
-1732
-1644
-9336
-1676
-1524
-1408
-1682
-1832
-1550
-1530
-1548
-1560
-1610
-8830
-1458
-1632
-1948
-1530
-6356
-9008
-2840
-1662
-1658
-1616
