-4798
-9243
-9243
-9243
-11658
-9243
-9243
-9243
-9243
-13868
-10896
-9243
-9243
-9243
-9243
-9253
-9348
-14703
-12093
-9243
-9243
-9243
-15913
-9243
-9568
-9243
-9243
-9396
-9243
-9243
-9771
-17577
-10621
-9243
-9243
-9243
-9243
-9243
-9279
-9243
-11388
-9243
-13521
-9243
-9243
-12564
-11799
-9243
-16503
-9243
-9243
-10518
-9243
-9243
-13803
-9678
-9243
-9243
-9243
-9243
-9243
-9253
-9243
-9243
-10468
-9594
-9243
-9243
-17229
-9519
-9243
-9363
-9243
-9379
-9243
-9243
-10189
-9243
-10371
-16312
-15016
-15571
-9243
-9243
-12018
-9243
-9243
-9243
-9243
-9243
-9243
-9243
-9243
-12324
-9243
-9253
-9243
-9243
-9243
-9243
-9243
-9243
-9243
-9243
-9243
-9243
-9243
-9243
-10278
-11323
-9243
-9243
-9243
-9243
-13159
-9243
-12018
-9264
-9243
-11728
-9909
-9243
-9243
-9243
-9243
-9243
-9243
-9243
-9243
-9243
-9243
-9243
-9243
-9243
-9243
-9873
-19113
-11452
-9243
-9243
-9243
-9243
-9909
-9243
-9243
-9243
-9243
-9243
-14649
-9909
-9243
-9243
-9348
-9414
-11134
-9243
-9243
-9243
-9243
-9243
-12906
-9838
-9243
-10873
-9243
-9243
-13012
-9309
-9243
-9621
-9243
-9334
-9243
-9243
-9243
-9243
-9243
-9243
-9243
-9243
-11196
-9243
-9363
-9253
-9243
-9243
-9243
-9243
-9708
-9243
-12093
-9243
-9243
-9243
-9243
-9243
-9243
-9243
-9243
-11323
-9243
-9243
-9243
-9243
-9649
-9321
-9243
-9253
-15789
-10536
-9243
-9243
-9243
-9243
-14914
-10468
-9243
-9243
-9873
-9243
-9243
-9243
-9807
-9243
-9243
-9243
-11658
-9249
-9543
-9243
-9243
-9243
-9243
-9243
-13769
-9243
-9243
-9243
-13338
-9243
-9243
-9243
-9243
-10674
-12564
-9243
-9243
-9519
-9243
-9243
-9243
