1806
1447
1447
1447
1482
1447
1447
1447
1447
1498
1418
1447
1447
1447
1447
1449
1440
1499
1485
1447
1447
1447
1389
1447
1434
1447
1447
1456
1447
1447
1431
1517
1473
1447
1447
1447
1447
1447
1443
1447
1414
1447
1401
1447
1447
1406
1483
1447
1387
1447
1447
1422
1447
1447
1399
1432
1447
1447
1447
1447
1447
1449
1447
1447
1472
1460
1447
1447
1421
1435
1447
1455
1447
1439
1447
1447
1425
1447
1423
1488
1510
1503
1447
1447
1484
1447
1447
1447
1447
1447
1447
1447
1447
1486
1447
1449
1447
1447
1447
1447
1447
1447
1447
1447
1447
1447
1447
1447
1424
1479
1447
1447
1447
1447
1403
1447
1484
1444
1447
1412
1429
1447
1447
1447
1447
1447
1447
1447
1447
1447
1447
1447
1447
1447
1447
1429
1517
1494
1447
1447
1447
1447
1429
1447
1447
1447
1447
1447
1405
1429
1447
1447
1454
1438
1416
1447
1447
1447
1447
1447
1506
1464
1447
1391
1447
1447
1494
1441
1447
1433
1447
1440
1447
1447
1447
1447
1447
1447
1447
1447
1478
1447
1439
1449
1447
1447
1447
1447
1462
1447
1409
1447
1447
1447
1447
1447
1447
1447
1447
1415
1447
1447
1447
1447
1461
1453
1447
1449
1383
1440
1447
1447
1447
1447
1418
1422
1447
1447
1429
1447
1447
1447
1427
1447
1447
1447
1412
1445
1459
1447
1447
1447
1447
1447
1385
1447
1447
1447
1492
1447
1447
1447
1447
1474
1406
1447
1447
1459
1447
1447
1447
