-6604
-690
-690
-690
-3140
-690
-690
-690
-690
-5366
-2314
-690
-690
-690
-690
-702
-788
-6202
-3578
-690
-690
-690
-7302
-690
-1002
-690
-690
-852
-690
-690
-1202
-9094
-2094
-690
-690
-690
-690
-690
-722
-690
-2802
-690
-4922
-690
-690
-3970
-3282
-690
-7890
-690
-690
-1940
-690
-690
-5202
-1110
-690
-690
-690
-690
-690
-702
-690
-690
-1940
-1054
-690
-690
-8650
-954
-690
-818
-690
-818
-690
-690
-1614
-690
-1794
-7800
-6526
-7074
-690
-690
-3502
-690
-690
-690
-690
-690
-690
-690
-690
-3810
-690
-702
-690
-690
-690
-690
-690
-690
-690
-690
-690
-690
-690
-690
-1702
-2802
-690
-690
-690
-690
-4562
-690
-3502
-708
-690
-3140
-1338
-690
-690
-690
-690
-690
-690
-690
-690
-690
-690
-690
-690
-690
-690
-1302
-10630
-2946
-690
-690
-690
-690
-1338
-690
-690
-690
-690
-690
-6054
-1338
-690
-690
-802
-852
-2550
-690
-690
-690
-690
-690
-4412
-1302
-690
-2264
-690
-690
-4506
-750
-690
-1054
-690
-774
-690
-690
-690
-690
-690
-690
-690
-690
-2674
-690
-802
-702
-690
-690
-690
-690
-1170
-690
-3502
-690
-690
-690
-690
-690
-690
-690
-690
-2738
-690
-690
-690
-690
-1110
-774
-690
-702
-7172
-1976
-690
-690
-690
-690
-6332
-1890
-690
-690
-1302
-690
-690
-690
-1234
-690
-690
-690
-3070
-694
-1002
-690
-690
-690
-690
-690
-5154
-690
-690
-690
-4830
-690
-690
-690
-690
-2148
-3970
-690
-690
-978
-690
-690
-690
