778
778
778
-576
778
778
778
778
778
778
778
778
778
778
778
750
763
778
778
778
778
778
778
778
778
778
778
778
778
-1433
-653
-3317
778
778
-246
478
778
-1113
778
778
642
712
625
-2148
778
-5892
778
778
-3317
778
778
778
778
778
183
-5438
282
-2877
742
778
-2
778
-3317
453
607
-1997
607
-5528
-653
778
-1367
217
778
-1433
-5210
750
778
778
778
778
-2462
778
778
778
-1923
778
-1113
778
-875
778
-5108
778
642
568
778
778
750
778
-1185
525
778
778
778
778
778
778
-3593
778
729
768
-398
-3408
-3500
778
778
778
778
778
778
712
588
-6008
778
-3782
-1568
778
778
778
778
778
778
750
-10961
778
778
778
112
778
-1862
778
778
778
778
778
453
-2382
778
778
778
687
778
775
778
778
778
778
778
778
778
568
778
778
778
778
778
778
778
778
778
778
525
-3050
778
-11468
778
750
778
778
778
778
217
778
778
778
778
778
778
642
778
775
778
778
778
778
778
778
778
778
-8052
778
588
778
778
778
778
642
778
778
778
778
-1997
-2462
778
778
778
712
778
778
673
778
778
778
777
778
778
642
778
778
-818
778
778
778
148
778
-83
778
568
712
778
778
778
778
778
778
778
778
778
778
673
642
-3138
