-510
-510
-510
-1894
-510
-510
-510
-510
-510
-510
-510
-510
-510
-510
-510
-534
-528
-510
-510
-510
-510
-510
-510
-510
-510
-510
-510
-510
-510
-2754
-1968
-4650
-510
-510
-1534
-822
-510
-2370
-510
-510
-638
-570
-672
-3474
-510
-7122
-510
-510
-4650
-510
-510
-510
-510
-510
-1088
-6670
-1022
-4208
-542
-510
-1270
-510
-4560
-822
-672
-3322
-672
-6804
-1914
-510
-2688
-1088
-510
-2688
-6562
-542
-510
-510
-510
-510
-3710
-510
-510
-510
-3248
-510
-2370
-510
-2192
-510
-6450
-510
-638
-730
-510
-510
-542
-510
-2444
-752
-510
-510
-510
-510
-510
-510
-4928
-510
-566
-522
-1662
-4742
-4742
-510
-510
-510
-510
-510
-510
-582
-690
-7354
-510
-5118
-2822
-510
-510
-510
-510
-510
-510
-542
-12344
-510
-510
-510
-1158
-510
-3098
-510
-510
-510
-510
-510
-822
-3630
-510
-510
-510
-608
-510
-512
-510
-510
-510
-510
-510
-510
-510
-730
-510
-510
-510
-510
-510
-510
-510
-510
-510
-510
-752
-4294
-510
-12834
-510
-542
-510
-510
-510
-510
-1088
-510
-510
-510
-510
-510
-510
-638
-510
-514
-510
-510
-510
-510
-510
-510
-510
-510
-9318
-510
-710
-510
-510
-510
-510
-638
-510
-510
-510
-510
-3322
-3790
-510
-510
-510
-570
-510
-510
-608
-510
-510
-510
-512
-510
-510
-638
-510
-510
-2134
-510
-510
-510
-1158
-510
-1392
-510
-730
-582
-510
-510
-510
-510
-510
-510
-510
-510
-510
-510
-608
-654
-4470
