1288
1288
1288
1318
1288
1288
1288
1288
1288
1288
1288
1288
1288
1288
1288
1284
1291
1288
1288
1288
1288
1288
1288
1288
1288
1288
1288
1288
1288
1321
1315
1333
1288
1288
1288
1300
1288
1257
1288
1288
1280
1282
1297
1326
1288
1230
1288
1288
1333
1288
1288
1288
1288
1288
1271
1232
1304
1331
1284
1288
1268
1288
1243
1275
1279
1325
1279
1276
1261
1288
1321
1305
1288
1255
1352
1292
1288
1288
1288
1288
1248
1288
1288
1288
1325
1288
1257
1288
1317
1288
1342
1288
1280
1298
1288
1288
1292
1288
1259
1277
1288
1288
1288
1288
1288
1288
1335
1288
1295
1290
1264
1334
1242
1288
1288
1288
1288
1288
1288
1294
1278
1346
1288
1336
1254
1288
1288
1288
1288
1288
1288
1292
1383
1288
1288
1288
1270
1288
1236
1288
1288
1288
1288
1288
1275
1248
1288
1288
1288
1295
1288
1287
1288
1288
1288
1288
1288
1288
1288
1298
1288
1288
1288
1288
1288
1288
1288
1288
1288
1288
1277
1244
1288
1366
1288
1292
1288
1288
1288
1288
1305
1288
1288
1288
1288
1288
1288
1280
1288
1289
1288
1288
1288
1288
1288
1288
1288
1288
1266
1288
1298
1288
1288
1288
1288
1280
1288
1288
1288
1288
1325
1328
1288
1288
1288
1282
1288
1288
1281
1288
1288
1288
1289
1288
1288
1280
1288
1288
1316
1288
1288
1288
1306
1288
1309
1288
1298
1294
1288
1288
1288
1288
1288
1288
1288
1288
1288
1288
1281
1296
1332
