510
510
510
510
510
510
435
510
-9500
510
-9986
510
510
-16276
510
510
510
510
510
510
510
510
510
510
510
510
510
510
-390
510
377
510
510
-18217
510
510
509
466
510
435
510
465
-11408
510
510
-9680
510
510
510
510
-4874
-9544
510
-17345
-10156
510
510
510
-3856
510
496
510
510
496
510
510
510
-9518
-10043
510
510
-14146
-9568
-9545
510
510
510
31
510
510
510
510
510
510
510
510
510
510
510
130
-12647
510
510
-13585
510
509
510
510
510
510
510
510
510
-436
510
510
510
510
-71
510
-9643
-16370
510
510
496
510
510
510
496
510
510
510
510
-9785
-9718
-12571
510
510
510
510
510
510
-10151
510
-16276
-17182
510
510
510
510
496
510
510
510
319
510
510
-11827
510
510
-10208
510
510
510
510
-5931
-17875
-16051
510
510
510
510
-9865
510
510
374
510
-9487
-9518
510
510
510
432
510
510
510
-3768
510
510
510
-10765
510
510
510
-9643
510
-9555
510
510
510
510
510
510
-15706
510
-2568
-12415
510
510
-9610
-15931
-14240
510
-14846
510
510
510
213
-9555
510
510
435
-10267
-12650
-12416
510
510
510
510
-259
510
-20221
510
-9812
-16051
510
510
510
510
510
510
-19930
-865
510
-16511
45
320
-15376
510
510
510
-14341
510
-15320
510
-2730
-1086
510
510
510
-3774
