1800
1800
1800
1800
1800
1800
1805
1800
1798
1800
1784
1800
1800
1742
1800
1800
1800
1800
1800
1800
1800
1800
1800
1800
1800
1800
1800
1800
1820
1800
1807
1800
1800
1763
1800
1800
1801
1804
1800
1805
1800
1805
1786
1800
1800
1790
1800
1800
1800
1800
1834
1794
1800
1731
1782
1800
1800
1800
1838
1800
1802
1800
1800
1802
1800
1800
1800
1796
1779
1800
1800
1752
1794
1795
1800
1800
1800
1819
1800
1800
1800
1800
1800
1800
1800
1800
1800
1800
1800
1820
1759
1800
1800
1755
1800
1801
1800
1800
1800
1800
1800
1800
1800
1822
1800
1800
1800
1800
1813
1800
1791
1732
1800
1800
1802
1800
1800
1800
1802
1800
1800
1800
1800
1871
1788
1761
1800
1800
1800
1800
1800
1800
1791
1800
1742
1728
1800
1800
1800
1800
1802
1800
1800
1800
1811
1800
1800
1753
1800
1800
1784
1800
1800
1800
1800
1857
1735
1735
1800
1800
1800
1800
1785
1800
1800
1808
1800
1799
1796
1800
1800
1800
1806
1800
1800
1800
1846
1800
1800
1800
1775
1800
1800
1800
1791
1800
1791
1800
1800
1800
1800
1800
1800
1744
1800
1838
1761
1800
1800
1792
1743
1750
1800
1748
1800
1800
1800
1811
1791
1800
1800
1805
1777
1744
1762
1800
1800
1800
1800
1823
1800
1727
1800
1786
1735
1800
1800
1800
1800
1800
1800
1728
1825
1800
1741
1815
1810
1746
1800
1800
1800
1751
1800
1740
1800
1840
1828
1800
1800
1800
1848
