-1290
-1290
-1290
-1290
-1290
-1290
-1370
-1290
-1298
-1290
-1770
-1290
-1290
-8018
-1290
-1290
-1290
-1290
-1290
-1290
-1290
-1290
-1290
-1290
-1290
-1290
-1290
-1290
-2210
-1290
-1430
-1290
-1290
-9980
-1290
-1290
-1292
-1338
-1290
-1370
-1290
-1340
-3194
-1290
-1290
-1470
-1290
-1290
-1290
-1290
-6708
-1338
-1290
-9076
-1938
-1290
-1290
-1290
-5694
-1290
-1306
-1290
-1290
-1306
-1290
-1290
-1290
-1314
-1822
-1290
-1290
-5898
-1362
-1340
-1290
-1290
-1290
-1788
-1290
-1290
-1290
-1290
-1290
-1290
-1290
-1290
-1290
-1290
-1290
-1690
-4406
-1290
-1290
-5340
-1290
-1292
-1290
-1290
-1290
-1290
-1290
-1290
-1290
-2258
-1290
-1290
-1290
-1290
-1884
-1290
-1434
-8102
-1290
-1290
-1306
-1290
-1290
-1290
-1306
-1290
-1290
-1290
-1290
-11656
-1506
-4332
-1290
-1290
-1290
-1290
-1290
-1290
-1942
-1290
-8018
-8910
-1290
-1290
-1290
-1290
-1306
-1290
-1290
-1290
-1492
-1290
-1290
-3580
-1290
-1290
-1992
-1290
-1290
-1290
-1290
-7788
-9610
-7786
-1290
-1290
-1290
-1290
-1650
-1290
-1290
-1434
-1290
-1286
-1314
-1290
-1290
-1290
-1374
-1290
-1290
-1290
-5614
-1290
-1290
-1290
-2540
-1290
-1290
-1290
-1434
-1290
-1346
-1290
-1290
-1290
-1290
-1290
-1290
-7450
-1290
-4406
-4176
-1290
-1290
-1402
-7674
-5990
-1290
-6594
-1290
-1290
-1290
-1598
-1346
-1290
-1290
-1370
-2044
-4394
-4178
-1290
-1290
-1290
-1290
-2082
-1290
-11948
-1290
-1598
-7786
-1290
-1290
-1290
-1290
-1290
-1290
-11658
-2690
-1290
-8252
-1770
-1490
-7122
-1290
-1290
-1290
-6092
-1290
-7060
-1290
-4570
-2914
-1290
-1290
-1290
-5622
