646
646
646
646
-2215
646
646
646
-9103
646
-6607
580
456
-3838
321
646
646
646
646
510
646
-7682
646
646
646
646
646
646
646
646
646
646
646
322
646
-1915
526
646
646
646
-2732
646
646
618
646
646
-2434
646
-6024
646
646
646
415
625
646
646
-4129
646
646
16
646
646
646
646
-3564
646
646
646
646
646
646
646
646
646
646
-2435
646
646
646
-2055
-1395
646
371
646
646
646
646
646
-1124
646
646
646
-3561
646
646
-1459
-1607
646
-1525
646
-6607
646
-8980
646
646
646
646
646
646
646
646
646
-2513
212
646
646
-7908
-7031
646
-3007
646
646
-2173
646
-2839
-3245
-6814
646
646
-1944
371
646
646
646
646
646
646
646
-5095
-1375
646
646
646
646
646
640
646
295
646
646
646
646
646
646
646
646
646
-5095
646
-57
-1700
-1564
646
-6526
-6607
646
-6205
646
-2530
-4357
646
646
-9355
-9104
-2530
646
646
646
646
646
646
646
646
646
646
646
646
322
646
646
646
-4202
-4106
646
646
16
646
-4756
-4675
371
646
-4757
646
646
646
-7736
646
-6456
646
646
646
646
541
-4594
646
646
646
646
646
-836
646
646
-2731
646
-4204
646
646
646
646
646
646
556
-5102
646
646
646
646
646
646
646
646
646
-1431
-5455
646
646
-2482
-2356
646
-3925
646
