1600
1600
1600
1600
1579
1600
1600
1600
1537
1600
1549
1606
1610
1564
1613
1600
1600
1600
1600
1608
1600
1544
1600
1600
1600
1600
1600
1600
1600
1600
1600
1600
1600
1612
1600
1583
1608
1600
1600
1600
1574
1600
1600
1604
1600
1600
1576
1600
1658
1600
1600
1600
1611
1603
1600
1600
1563
1600
1600
1618
1600
1600
1600
1600
1566
1600
1600
1600
1600
1600
1600
1600
1600
1600
1600
1577
1600
1600
1600
1637
1597
1600
1615
1600
1600
1600
1600
1600
1630
1600
1600
1600
1649
1600
1600
1593
1589
1600
1591
1600
1549
1600
1538
1600
1600
1600
1600
1600
1600
1600
1600
1600
1639
1614
1600
1600
1542
1549
1600
1571
1600
1600
1579
1600
1573
1569
1548
1600
1600
1650
1611
1600
1600
1600
1600
1600
1600
1600
1557
1597
1600
1600
1600
1600
1600
1602
1600
1613
1600
1600
1600
1600
1600
1600
1600
1600
1600
1557
1600
1619
1634
1590
1600
1552
1549
1600
1551
1600
1576
1561
1600
1600
1537
1538
1576
1600
1600
1600
1600
1600
1600
1600
1600
1600
1600
1600
1600
1612
1600
1600
1600
1648
1648
1600
1600
1618
1600
1558
1559
1611
1600
1559
1600
1600
1600
1538
1600
1530
1600
1600
1600
1600
1607
1560
1600
1600
1600
1600
1600
1626
1600
1600
1573
1600
1562
1600
1600
1600
1600
1600
1600
1606
1574
1600
1600
1600
1600
1600
1600
1600
1600
1600
1593
1579
1600
1600
1576
1638
1600
1531
1600
