-954
-954
-954
-954
-1794
-954
-954
-954
-8640
-954
-6156
-1026
-1154
-3402
-1292
-954
-954
-954
-954
-1098
-954
-7226
-954
-954
-954
-954
-954
-954
-954
-954
-954
-954
-954
-1290
-954
-1498
-1082
-954
-954
-954
-2306
-954
-954
-986
-954
-954
-2010
-954
-7682
-954
-954
-954
-1196
-978
-954
-954
-3692
-954
-954
-1602
-954
-954
-954
-954
-3130
-954
-954
-954
-954
-954
-954
-954
-954
-954
-954
-2012
-954
-954
-954
-3692
-992
-954
-1244
-954
-954
-954
-954
-954
-2754
-954
-954
-954
-5210
-954
-954
-1052
-1196
-954
-1116
-954
-6156
-954
-8518
-954
-954
-954
-954
-954
-954
-954
-954
-954
-4152
-1402
-954
-954
-7450
-6580
-954
-2578
-954
-954
-1752
-954
-2412
-2814
-6362
-954
-954
-3594
-1240
-954
-954
-954
-954
-954
-954
-954
-4652
-972
-954
-954
-954
-954
-954
-962
-954
-1318
-954
-954
-954
-954
-954
-954
-954
-954
-954
-4652
-954
-1676
-3334
-1154
-954
-6078
-6156
-954
-5756
-954
-2106
-3918
-954
-954
-8892
-8642
-2106
-954
-954
-954
-954
-954
-954
-954
-954
-954
-954
-954
-954
-1290
-954
-954
-954
-5850
-5754
-954
-954
-1602
-954
-4314
-4234
-1240
-954
-4316
-954
-954
-954
-7274
-954
-5986
-954
-954
-954
-954
-1066
-4154
-954
-954
-954
-954
-954
-2462
-954
-954
-2304
-954
-3766
-954
-954
-954
-954
-954
-954
-1050
-4676
-954
-954
-954
-954
-954
-954
-954
-954
-954
-1024
-5034
-954
-954
-2058
-3994
-954
-3456
-954
